6661999 = Ignore first line (new format code)
File name: C:\Users\sxv140030\Desktop\Data_DR._V\EEG\ABRAHAMS_ADRIANUS_PT_LI_128_ICON-ROIlinLagConn.txt
1 = Number of time frames in Time X Frequency decomposition
138 = Number of EEG files
84 = Number Electrodes
256 = Number of time frames in EEG files
256 = Number of time frames in EEG files power of 2
5 = Number of matrices
5 = Band type (1=Classical1; 2=Classical2; 3=DiscreteFreqs; 4=AllDiscreteFreqs; 5=UserDefinedBands)
 1.280000E+0002 = Sampling rate Hz
-1.000000E+0002 = Freq1 Hz
-1.000000E+0002 = Freq2 Hz
 5.000000E-0001 = Frequency resolution Hz

  0.000000E+0000  8.915520E-0002  6.078920E-0001  3.686810E-0001  1.321220E-0001  1.247444E-0001  1.730289E-0001  7.487357E-0002  9.418297E-0002  9.612405E-0002  1.072132E-0001  3.848791E-0002  4.646534E-0002  5.335081E-0002  1.009054E-0001  5.068421E-0002  5.816317E-0002  4.299116E-0002  2.970529E-0002  6.382370E-0002  6.160450E-0002  2.915311E-0002  2.964711E-0002  2.979803E-0002  4.109740E-0002  5.386162E-0002  4.781333E-0002  4.578573E-0002  3.035474E-0002  3.612638E-0002  3.841257E-0002  3.654528E-0002  8.813286E-0002  8.287668E-0002  1.024227E-0001  3.216648E-0002  4.139423E-0002  3.531027E-0002  7.272625E-0002  7.963264E-0002  1.015336E-0001  9.232140E-0002  3.297329E-0002  3.408515E-0002  3.173029E-0002  2.554905E-0002  5.230224E-0002  4.414749E-0002  4.703045E-0002  3.903246E-0002  2.837580E-0002  4.974103E-0002  5.226147E-0002  2.500331E-0002  4.314709E-0002  3.497791E-0002  1.790708E-0002  1.940560E-0002  2.109706E-0002  2.921557E-0002  2.107477E-0002  5.097818E-0002  5.276227E-0002  3.628850E-0002  2.552867E-0002  2.925706E-0002  2.656674E-0002  2.903879E-0002  4.213500E-0002  4.396048E-0002  3.774881E-0002  2.759027E-0002  2.471733E-0002  3.065574E-0002  1.207721E-0002  2.373207E-0002  3.092945E-0002  3.151512E-0002  3.376794E-0002  3.915226E-0002  2.995110E-0002  2.979672E-0002  3.159845E-0002  8.054376E-0003
  8.915520E-0002  0.000000E+0000  1.071653E+0000  5.010386E-0001  1.286631E-0001  1.192746E-0001  1.234502E-0001  8.235025E-0002  9.912205E-0002  9.508049E-0002  1.008124E-0001  3.242779E-0002  3.619599E-0002  4.021025E-0002  6.642437E-0002  4.214597E-0002  5.761766E-0002  4.611206E-0002  3.082585E-0002  5.725026E-0002  5.910110E-0002  2.633119E-0002  2.547979E-0002  1.809978E-0002  2.077127E-0002  4.980183E-0002  4.821499E-0002  4.651827E-0002  3.226256E-0002  3.134561E-0002  3.124547E-0002  4.321933E-0002  8.141255E-0002  6.649351E-0002  1.268253E-0001  2.752781E-0002  5.232191E-0002  3.368282E-0002  6.182647E-0002  6.907487E-0002  9.445572E-0002  9.337401E-0002  3.285563E-0002  3.380156E-0002  2.869582E-0002  2.072966E-0002  5.325592E-0002  3.483772E-0002  5.391455E-0002  2.895284E-0002  2.589184E-0002  4.607010E-0002  4.783654E-0002  2.219057E-0002  3.699201E-0002  3.203756E-0002  2.445853E-0002  1.792061E-0002  2.128905E-0002  2.928030E-0002  2.807808E-0002  4.172683E-0002  4.779744E-0002  3.900170E-0002  2.221572E-0002  2.665043E-0002  2.475274E-0002  3.835309E-0002  4.263008E-0002  4.389587E-0002  3.252101E-0002  2.627146E-0002  2.313763E-0002  3.434551E-0002  1.111686E-0002  2.824432E-0002  3.456092E-0002  3.341746E-0002  3.327978E-0002  3.921819E-0002  2.839506E-0002  2.918720E-0002  3.252828E-0002  8.973122E-0003
  6.078920E-0001  1.071653E+0000  0.000000E+0000  2.451820E-0001  9.745026E-0002  1.306105E-0001  6.358147E-0002  9.607410E-0002  7.847261E-0002  1.180269E-0001  9.395599E-0002  3.508782E-0002  7.513678E-0002  7.761830E-0002  9.622312E-0002  2.457404E-0002  3.055739E-0002  2.215433E-0002  3.795838E-0002  3.805161E-0002  4.629827E-0002  2.987421E-0002  1.840520E-0002  6.183994E-0002  6.237000E-0002  4.362321E-0002  6.276679E-0002  4.676867E-0002  2.871728E-0002  2.980542E-0002  2.832508E-0002  5.176163E-0002  4.460573E-0002  7.657743E-0002  2.164402E-0001  1.209592E-0002  3.314877E-0002  5.121374E-0002  3.829694E-0002  5.807161E-0002  8.382535E-0002  9.719849E-0002  6.916308E-0002  7.162189E-0002  6.267500E-0002  5.722070E-0002  4.471040E-0002  3.686905E-0002  5.622554E-0002  7.185030E-0002  9.669375E-0002  8.061802E-0002  4.986143E-0002  6.116259E-0002  8.822775E-0002  8.750093E-0002  5.729640E-0002  5.530918E-0002  6.226993E-0002  5.848062E-0002  5.634344E-0002  3.037930E-0002  5.243444E-0002  8.580852E-0002  7.454252E-0002  8.007860E-0002  8.632237E-0002  5.304217E-0002  4.983497E-0002  3.789318E-0002  8.983231E-0002  6.351340E-0002  5.911195E-0002  7.643867E-0002  4.659629E-0002  4.083085E-0002  4.385281E-0002  6.972146E-0002  6.540883E-0002  9.273481E-0002  7.644773E-0002  6.423950E-0002  9.633541E-0002  2.113819E-0002
  3.686810E-0001  5.010386E-0001  2.451820E-0001  0.000000E+0000  8.443737E-0002  9.627438E-0002  6.517720E-0002  8.429599E-0002  7.117748E-0002  1.174426E-0001  1.061139E-0001  2.729750E-0002  8.614731E-0002  8.760333E-0002  1.009240E-0001  2.364826E-0002  3.005362E-0002  2.878809E-0002  3.242946E-0002  3.669691E-0002  4.903197E-0002  2.611828E-0002  1.566839E-0002  6.146491E-0002  6.574833E-0002  4.367685E-0002  5.850160E-0002  4.214263E-0002  2.390337E-0002  2.644205E-0002  2.539229E-0002  4.911399E-0002  4.978132E-0002  7.325888E-0002  1.900883E-0001  1.578712E-0002  4.204655E-0002  4.936457E-0002  4.555869E-0002  5.859613E-0002  8.126211E-0002  8.491421E-0002  5.674291E-0002  5.962658E-0002  5.619979E-0002  5.302191E-0002  4.276347E-0002  2.590847E-0002  4.854131E-0002  6.577659E-0002  9.098577E-0002  7.639027E-0002  4.436123E-0002  5.114853E-0002  9.393764E-0002  8.667940E-0002  4.536974E-0002  4.756308E-0002  5.251789E-0002  4.682899E-0002  4.579067E-0002  2.877331E-0002  5.531800E-0002  7.548046E-0002  6.710601E-0002  7.574940E-0002  8.266842E-0002  4.303670E-0002  4.533160E-0002  3.426898E-0002  8.630109E-0002  5.430377E-0002  5.044162E-0002  6.523645E-0002  3.920829E-0002  3.070629E-0002  3.322595E-0002  6.028795E-0002  5.442441E-0002  7.092404E-0002  6.539881E-0002  5.253375E-0002  9.158063E-0002  1.473522E-0002
  1.321220E-0001  1.286631E-0001  9.745026E-0002  8.443737E-0002  0.000000E+0000  8.377123E-0002  2.439327E-0001  9.543204E-0002  9.179318E-0002  1.409194E-0001  1.128052E-0001  6.242275E-0002  9.809887E-0002  1.048086E-0001  1.455507E-0001  6.055856E-0002  5.304098E-0002  6.073773E-0002  5.588078E-0002  5.939054E-0002  9.286189E-0002  8.179110E-0002  8.046448E-0002  9.360471E-0002  1.091384E-0001  6.181097E-0002  7.974041E-0002  7.243019E-0002  9.037161E-0002  9.160745E-0002  8.482361E-0002  1.180648E-0001  5.281258E-0002  1.883618E-0001  1.565418E-0001  6.278098E-0002  6.608534E-0002  6.606394E-0002  3.765607E-0002  5.162072E-0002  9.610820E-0002  1.206953E-0001  1.442866E-0001  1.243586E-0001  9.209132E-0002  7.909966E-0002  5.727196E-0002  6.797266E-0002  1.500554E-0001  1.011863E-0001  1.135225E-0001  1.074140E-0001  9.471941E-0002  1.001995E-0001  9.512657E-0002  9.031910E-0002  6.225383E-0002  1.076383E-0001  1.045916E-0001  8.484429E-0002  6.643438E-0002  4.132295E-0002  1.053881E-0001  1.132047E-0001  1.324663E-0001  1.006054E-0001  9.321299E-0002  5.845928E-0002  6.318212E-0002  5.831349E-0002  1.405563E-0001  1.122633E-0001  1.100077E-0001  9.670019E-0002  8.753413E-0002  8.572459E-0002  7.503700E-0002  8.405584E-0002  8.611637E-0002  1.491601E-0001  1.184676E-0001  1.086663E-0001  1.163139E-0001  6.260276E-0002
  1.247444E-0001  1.192746E-0001  1.306105E-0001  9.627438E-0002  8.377123E-0002  0.000000E+0000  8.405757E-0002  7.948685E-0002  8.615398E-0002  3.668113E-0001  7.745552E-0002  3.805304E-0002  1.235815E-0001  1.245325E-0001  1.302856E-0001  4.078841E-0002  5.053353E-0002  3.449607E-0002  2.838039E-0002  4.313517E-0002  3.863454E-0002  3.834689E-0002  3.147411E-0002  7.526076E-0002  9.033597E-0002  4.896784E-0002  1.293221E-0001  4.538870E-0002  3.626180E-0002  4.132545E-0002  3.898323E-0002  6.245530E-0002  4.459167E-0002  8.447623E-0002  1.090998E-0001  2.308393E-0002  4.355812E-0002  8.806944E-0002  4.607058E-0002  5.292082E-0002  1.225557E-0001  8.326340E-0002  1.091756E-0001  9.861541E-0002  1.050934E-0001  9.425116E-0002  5.672455E-0002  1.274266E-0001  5.923176E-0002  9.928179E-0002  1.118693E-0001  6.249857E-0002  3.500879E-0002  5.049586E-0002  1.262178E-0001  1.097531E-0001  5.496192E-0002  5.385876E-0002  5.241823E-0002  4.017079E-0002  4.115868E-0002  4.365253E-0002  5.407774E-0002  7.671940E-0002  7.673979E-0002  8.565187E-0002  9.670699E-0002  4.348266E-0002  5.866766E-0002  3.306627E-0002  9.256911E-0002  6.042504E-0002  5.672956E-0002  6.966782E-0002  5.342185E-0002  4.034185E-0002  4.387593E-0002  5.214763E-0002  4.917586E-0002  6.781185E-0002  7.870674E-0002  6.546998E-0002  8.670592E-0002  2.124631E-0002
  1.730289E-0001  1.234502E-0001  6.358147E-0002  6.517720E-0002  2.439327E-0001  8.405757E-0002  0.000000E+0000  9.477782E-0002  7.567596E-0002  1.080663E-0001  9.432387E-0002  6.179142E-0002  1.164858E-0001  1.184032E-0001  1.759515E-0001  6.621051E-0002  6.021917E-0002  3.567982E-0002  5.991673E-0002  7.633293E-0002  7.931519E-0002  7.435095E-0002  7.672405E-0002  1.085228E-0001  1.286898E-0001  6.166172E-0002  5.645150E-0002  5.348051E-0002  8.486748E-0002  8.522236E-0002  7.700992E-0002  7.206249E-0002  5.562210E-0002  6.094108E-0001  3.597078E-0001  2.788997E-0002  3.797936E-0002  5.593288E-0002  6.252313E-0002  6.981313E-0002  8.319998E-0002  1.037401E-0001  1.936181E-0001  1.743650E-0001  1.226398E-0001  1.002659E-0001  1.088480E-0001  9.792459E-0002  2.653465E-0001  1.141005E-0001  1.057202E-0001  8.459425E-0002  5.884284E-0002  9.726036E-0002  1.186533E-0001  1.097126E-0001  8.071291E-0002  9.549487E-0002  9.261972E-0002  7.238039E-0002  7.177448E-0002  6.144416E-0002  7.844710E-0002  8.996224E-0002  1.177178E-0001  1.124001E-0001  1.151639E-0001  6.609297E-0002  4.925114E-0002  4.427412E-0002  1.245631E-0001  9.295821E-0002  9.294522E-0002  8.384883E-0002  9.021360E-0002  9.596705E-0002  1.125409E-0001  6.301305E-0002  7.074910E-0002  1.257281E-0001  1.180413E-0001  1.078870E-0001  9.492302E-0002  5.842233E-0002
  7.487357E-0002  8.235025E-0002  9.607410E-0002  8.429599E-0002  9.543204E-0002  7.948685E-0002  9.477782E-0002  0.000000E+0000  1.083069E+0000  6.264400E-0002  3.706312E-0002  8.198118E-0002  1.091576E-0001  1.156848E-0001  1.201005E-0001  5.596161E-0002  6.089878E-0002  9.304690E-0002  8.477879E-0002  9.939861E-0002  4.836965E-0002  7.972145E-0002  9.078074E-0002  7.708985E-0002  8.950764E-0002  1.027882E-0001  3.081846E-0002  4.061127E-0002  8.984995E-0002  8.653486E-0002  7.273912E-0002  8.932400E-0002  2.425432E-0002  8.948433E-0002  9.355855E-0002  9.188938E-0002  1.109142E-0001  5.890536E-0002  6.197453E-0002  5.678082E-0002  1.752329E-0001  4.640198E-0002  4.396689E-0002  4.267550E-0002  3.605711E-0002  3.133476E-0002  4.642367E-0002  3.942549E-0002  5.216241E-0002  2.100105E-0001  8.840179E-0002  3.667569E-0002  3.300452E-0002  4.397535E-0002  7.811809E-0002  6.532395E-0002  4.395646E-0002  3.964436E-0002  3.404021E-0002  2.654207E-0002  6.982785E-0002  8.669281E-0002  4.800510E-0002  5.053496E-0002  5.794191E-0002  7.209313E-0002  7.055271E-0002  6.562614E-0002  3.429031E-0002  3.870869E-0002  6.743681E-0002  4.198050E-0002  3.977966E-0002  3.841716E-0002  7.175946E-0002  4.298925E-0002  3.130162E-0002  3.094888E-0002  4.519176E-0002  8.265185E-0002  6.723166E-0002  7.268572E-0002  4.260254E-0002  3.671753E-0002
  9.418297E-0002  9.912205E-0002  7.847261E-0002  7.117748E-0002  9.179318E-0002  8.615398E-0002  7.567596E-0002  1.083069E+0000  0.000000E+0000  7.435131E-0002  2.556801E-0002  3.739285E-0002  7.306999E-0002  8.840042E-0002  1.114986E-0001  4.060912E-0002  3.059769E-0002  2.670276E-0002  4.419214E-0002  1.293163E-0001  5.264235E-0002  3.404105E-0002  7.255602E-0002  3.635985E-0002  6.597108E-0002  6.599320E-0002  4.426670E-0002  5.672550E-0002  8.402824E-0002  4.802442E-0002  3.634882E-0002  7.176042E-0002  3.300428E-0002  7.824087E-0002  9.689474E-0002  3.933144E-0002  3.268385E-0002  2.012300E-0002  5.726337E-0002  6.820488E-0002  3.765564E-0001  5.537987E-0002  3.161001E-0002  3.468603E-0002  3.311002E-0002  3.286111E-0002  4.218435E-0002  3.639054E-0002  1.817238E-0002  1.463413E-0001  5.640507E-0002  3.057432E-0002  3.665257E-0002  2.352428E-0002  3.960675E-0002  2.385980E-0002  9.473622E-0003  1.810813E-0002  1.514506E-0002  1.903057E-0002  2.942914E-0002  8.945799E-0002  7.347727E-0002  3.365052E-0002  2.666008E-0002  2.966362E-0002  2.291781E-0002  2.289963E-0002  3.476620E-0002  5.516720E-0002  4.765630E-0002  2.435899E-0002  2.166581E-0002  1.664144E-0002  3.644276E-0002  1.339101E-0002  2.672425E-0002  2.120125E-0002  2.767909E-0002  3.080499E-0002  3.199577E-0002  2.052641E-0002  2.057171E-0002  2.035284E-0002
  9.612405E-0002  9.508049E-0002  1.180269E-0001  1.174426E-0001  1.409194E-0001  3.668113E-0001  1.080663E-0001  6.264400E-0002  7.435131E-0002  0.000000E+0000  3.085823E-0001  4.606915E-0002  6.942379E-0002  8.636492E-0002  1.114994E-0001  1.702847E-0001  7.446003E-0002  5.460215E-0002  8.636314E-0002  1.907129E-0001  1.344395E-0001  4.884362E-0002  1.802063E-0001  5.956948E-0002  8.105081E-0002  1.078852E-0001  7.952976E-0002  9.490395E-0002  1.887383E-0001  7.479143E-0002  6.723404E-0002  9.412432E-0002  1.629839E-0001  9.506571E-0002  9.478152E-0002  6.565690E-0002  6.189513E-0002  3.202868E-0002  9.422350E-0002  1.703596E-0001  1.349869E-0001  1.294031E-0001  7.818067E-0002  8.157939E-0002  6.370008E-0002  5.440307E-0002  6.675851E-0002  6.661367E-0002  6.615084E-0002  4.343033E-0002  4.231787E-0002  3.047514E-0002  4.072285E-0002  5.326843E-0002  4.309648E-0002  3.886878E-0002  3.778934E-0002  4.485178E-0002  3.778934E-0002  5.441451E-0002  7.549042E-0002  1.119980E-0001  1.366258E-0001  7.761157E-0002  6.205630E-0002  5.768448E-0002  4.388452E-0002  7.287681E-0002  4.581022E-0002  9.048653E-0002  9.144831E-0002  6.149673E-0002  5.468106E-0002  5.118632E-0002  6.645775E-0002  5.078512E-0002  7.688981E-0002  5.876172E-0002  6.143701E-0002  6.893241E-0002  4.777098E-0002  2.778625E-0002  4.397678E-0002  2.558637E-0002
  1.072132E-0001  1.008124E-0001  9.395599E-0002  1.061139E-0001  1.128052E-0001  7.745552E-0002  9.432387E-0002  3.706312E-0002  2.556801E-0002  3.085823E-0001  0.000000E+0000  7.519341E-0002  5.482686E-0002  7.084733E-0002  1.006566E-0001  1.614032E-0001  9.778070E-0002  5.637479E-0002  8.327389E-0002  2.314687E-0001  1.544647E-0001  4.837322E-0002  1.395226E-0001  6.231278E-0002  7.858390E-0002  9.521934E-0002  4.679108E-0002  6.847906E-0002  2.131004E-0001  5.994177E-0002  6.071091E-0002  9.933078E-0002  8.762646E-0002  1.009745E-0001  1.017181E-0001  6.709075E-0002  6.348777E-0002  4.014063E-0002  9.171247E-0002  1.236152E-0001  4.922867E-0002  1.125755E-0001  9.126091E-0002  9.429276E-0002  7.631218E-0002  6.266344E-0002  6.737065E-0002  5.790854E-0002  7.380170E-0002  3.735328E-0002  5.585289E-0002  4.523945E-0002  5.848503E-0002  1.482239E-0001  4.339477E-0002  4.688615E-0002  5.158335E-0002  7.495260E-0002  7.537794E-0002  9.147215E-0002  7.583022E-0002  8.948541E-0002  2.360153E-0001  8.884835E-0002  8.451986E-0002  6.091279E-0002  4.660726E-0002  7.704300E-0002  3.814507E-0002  6.953049E-0002  1.353045E-0001  1.026139E-0001  9.777832E-0002  6.077492E-0002  7.817030E-0002  5.851531E-0002  9.540594E-0002  7.185769E-0002  7.537329E-0002  8.557451E-0002  1.761794E-0001  4.230547E-0002  7.094812E-0002  6.097841E-0002
  3.848791E-0002  3.242779E-0002  3.508782E-0002  2.729750E-0002  6.242275E-0002  3.805304E-0002  6.179142E-0002  8.198118E-0002  3.739285E-0002  4.606915E-0002  7.519341E-0002  0.000000E+0000  2.877724E-0002  2.952325E-0002  3.293276E-0002  1.142540E-0001  1.136026E-0001  8.586216E-0002  3.187132E-0002  2.839947E-0002  6.894588E-0002  3.459740E-0002  9.399986E-0002  2.411246E-0002  1.698709E-0002  4.713655E-0002  3.273273E-0002  3.006434E-0002  1.319275E-0001  5.840492E-0002  7.402229E-0002  7.542777E-0002  1.102104E-0001  5.529475E-0002  5.909014E-0002  6.528950E-0002  6.985521E-0002  5.207539E-0002  8.329487E-0002  5.376053E-0002  4.359221E-0002  6.968641E-0002  6.453574E-0002  6.673044E-0002  5.334425E-0002  4.127699E-0002  5.586949E-0002  3.465641E-0002  7.010186E-0002  2.877474E-0002  2.846813E-0002  4.819894E-0002  6.715465E-0002  8.887053E-0002  3.829271E-0002  4.075497E-0002  5.334187E-0002  1.758385E-0002  2.687073E-0002  5.476594E-0002  4.576421E-0002  2.767491E-0002  5.743837E-0002  2.461481E-0002  2.693939E-0002  2.468467E-0002  2.017713E-0002  6.465209E-0002  4.109311E-0002  3.168893E-0002  5.521059E-0002  3.037119E-0002  2.467394E-0002  4.194331E-0002  1.715112E-0002  6.174463E-0002  6.830493E-0002  2.419972E-0002  4.926825E-0002  8.635795E-0002  1.203169E-0001  1.310586E-0002  1.980865E-0002  2.014661E-0002
  4.646534E-0002  3.619599E-0002  7.513678E-0002  8.614731E-0002  9.809887E-0002  1.235815E-0001  1.164858E-0001  1.091576E-0001  7.306999E-0002  6.942379E-0002  5.482686E-0002  2.877724E-0002  0.000000E+0000  7.745895E-0001  3.685417E-0001  5.559051E-0002  6.527865E-0002  2.729642E-0002  8.631438E-0002  1.001345E-0001  4.449964E-0002  5.951083E-0002  4.688036E-0002  8.999944E-0002  1.069302E-0001  1.125203E-0001  4.727483E-0002  5.549705E-0002  4.553217E-0002  5.851078E-0002  5.830121E-0002  1.105480E-0001  4.817656E-0002  1.061918E-0001  3.471637E-0002  1.510435E-0002  3.241789E-0002  2.381223E-0002  3.901440E-0002  5.836713E-0002  7.110447E-0002  5.554178E-0002  9.785640E-0002  9.828961E-0002  8.311188E-0002  6.857884E-0002  8.798778E-0002  9.990889E-0002  1.321628E-0001  4.302806E-0002  3.619719E-0002  5.535281E-0002  4.085231E-0002  3.881705E-0002  2.119455E-0001  1.532497E-0001  8.206797E-0002  4.079866E-0002  4.154909E-0002  5.358791E-0002  1.029495E-0001  8.239728E-0002  2.985749E-0002  8.772790E-0002  5.778968E-0002  9.444690E-0002  7.825184E-0002  1.191304E-0001  4.030383E-0002  4.928243E-0002  4.802263E-0002  6.177890E-0002  5.380356E-0002  5.969059E-0002  4.241729E-0002  7.464194E-0002  1.126998E-0001  4.898965E-0002  7.299328E-0002  8.154118E-0002  5.049455E-0002  6.052732E-0002  5.613756E-0002  3.010488E-0002
  5.335081E-0002  4.021025E-0002  7.761830E-0002  8.760333E-0002  1.048086E-0001  1.245325E-0001  1.184032E-0001  1.156848E-0001  8.840042E-0002  8.636492E-0002  7.084733E-0002  2.952325E-0002  7.745895E-0001  0.000000E+0000  3.126059E-0001  5.767059E-0002  7.214570E-0002  3.051460E-0002  9.298348E-0002  1.004868E-0001  5.517602E-0002  6.098747E-0002  4.792619E-0002  9.589338E-0002  9.290886E-0002  1.144886E-0001  5.256796E-0002  6.001633E-0002  4.963470E-0002  6.069946E-0002  5.934978E-0002  1.150732E-0001  6.871718E-0002  1.005172E-0001  3.741646E-0002  1.241612E-0002  3.384638E-0002  3.185976E-0002  4.394788E-0002  7.110587E-0002  8.662611E-0002  7.195842E-0002  1.004158E-0001  1.008552E-0001  8.811021E-0002  7.435113E-0002  9.772027E-0002  1.031309E-0001  1.253301E-0001  4.167777E-0002  3.632671E-0002  6.484336E-0002  5.219436E-0002  4.321688E-0002  2.161341E-0001  1.206913E-0001  7.041955E-0002  4.209483E-0002  4.306257E-0002  5.521554E-0002  1.124676E-0001  8.466899E-0002  3.723046E-0002  8.771849E-0002  5.904639E-0002  1.008031E-0001  7.734561E-0002  1.254637E-0001  4.686403E-0002  5.420566E-0002  5.234456E-0002  6.126225E-0002  5.370665E-0002  5.928898E-0002  4.422915E-0002  7.687736E-0002  1.119117E-0001  5.175257E-0002  7.702529E-0002  8.480471E-0002  5.705786E-0002  7.056576E-0002  6.434995E-0002  3.652585E-0002
  1.009054E-0001  6.642437E-0002  9.622312E-0002  1.009240E-0001  1.455507E-0001  1.302856E-0001  1.759515E-0001  1.201005E-0001  1.114986E-0001  1.114994E-0001  1.006566E-0001  3.293276E-0002  3.685417E-0001  3.126059E-0001  0.000000E+0000  7.453990E-0002  9.163332E-0002  4.361033E-0002  1.204279E-0001  1.065529E-0001  7.792079E-0002  8.603907E-0002  5.626774E-0002  1.177401E-0001  1.050977E-0001  1.328101E-0001  4.815501E-0002  5.925065E-0002  6.398606E-0002  7.154465E-0002  7.045794E-0002  1.515379E-0001  1.034652E-0001  1.583223E-0001  8.695745E-0002  1.618910E-0002  4.500103E-0002  4.293537E-0002  4.732060E-0002  8.622718E-0002  1.120242E-0001  1.021120E-0001  1.127761E-0001  1.108825E-0001  1.025335E-0001  8.907512E-0002  1.175546E-0001  1.161361E-0001  1.239967E-0001  4.191184E-0002  3.450447E-0002  6.981236E-0002  6.992328E-0002  4.829559E-0002  1.837068E-0001  9.638643E-0002  7.007098E-0002  4.772550E-0002  4.767388E-0002  6.073827E-0002  1.278918E-0001  9.398049E-0002  5.488729E-0002  8.246946E-0002  6.129491E-0002  1.005635E-0001  6.224060E-0002  1.252177E-0001  5.065960E-0002  5.695522E-0002  5.971503E-0002  6.367850E-0002  5.731601E-0002  5.206847E-0002  4.144681E-0002  8.329052E-0002  1.118286E-0001  5.605149E-0002  8.584183E-0002  9.194013E-0002  5.899715E-0002  7.278526E-0002  6.439671E-0002  4.626283E-0002
  5.068421E-0002  4.214597E-0002  2.457404E-0002  2.364826E-0002  6.055856E-0002  4.078841E-0002  6.621051E-0002  5.596161E-0002  4.060912E-0002  1.702847E-0001  1.614032E-0001  1.142540E-0001  5.559051E-0002  5.767059E-0002  7.453990E-0002  0.000000E+0000  7.733154E-0002  1.162748E-0001  4.841280E-0002  4.794979E-0002  1.263385E-0001  6.589603E-0002  5.310631E-0002  1.048407E-0001  8.975387E-0002  5.559611E-0002  2.790964E-0002  2.615619E-0002  1.183004E-0001  5.203152E-0002  7.695580E-0002  1.300874E-0001  1.908741E-0001  1.002459E-0001  6.504488E-0002  8.139133E-0002  1.127176E-0001  2.299013E-0001  1.347723E-0001  1.712976E-0001  4.972315E-0002  2.881818E-0001  1.105899E-0001  1.240322E-0001  8.330274E-0002  6.889725E-0002  4.400611E-0002  4.065132E-0002  6.587100E-0002  6.824994E-0002  4.327631E-0002  6.843424E-0002  6.171513E-0002  1.076664E-0001  7.958949E-0002  9.037709E-0002  7.638526E-0002  1.180238E-0001  1.072440E-0001  9.101272E-0002  7.224536E-0002  5.455112E-0002  8.843279E-0002  1.087460E-0001  1.434484E-0001  1.204266E-0001  1.163766E-0001  6.393218E-0002  2.230787E-0002  1.880312E-0002  1.130771E-0001  1.492782E-0001  1.404290E-0001  1.036398E-0001  9.805822E-0002  7.469714E-0002  1.004993E-0001  8.555293E-0002  7.650113E-0002  1.062011E-0001  1.092279E-0001  9.563494E-0002  6.299448E-0002  6.820583E-0002
  5.816317E-0002  5.761766E-0002  3.055739E-0002  3.005362E-0002  5.304098E-0002  5.053353E-0002  6.021917E-0002  6.089878E-0002  3.059769E-0002  7.446003E-0002  9.778070E-0002  1.136026E-0001  6.527865E-0002  7.214570E-0002  9.163332E-0002  7.733154E-0002  0.000000E+0000  1.634045E-0001  8.036065E-0002  4.629612E-0002  1.131377E-0001  8.359432E-0002  4.603481E-0002  1.241812E-0001  1.070487E-0001  6.968188E-0002  3.159904E-0002  3.592110E-0002  5.731869E-0002  7.168627E-0002  7.989407E-0002  1.095352E-0001  2.694893E-0002  1.001629E-0001  7.317376E-0002  7.065105E-0002  2.100143E-0001  3.156071E-0001  8.364677E-0002  2.105904E-0002  1.841927E-0002  5.747318E-0002  1.061446E-0001  1.182560E-0001  7.769752E-0002  6.291962E-0002  4.162204E-0002  4.683948E-0002  7.022405E-0002  9.839678E-0002  6.502104E-0002  9.649372E-0002  6.463432E-0002  1.312175E-0001  8.445120E-0002  9.473491E-0002  6.278920E-0002  1.163468E-0001  1.142768E-0001  9.194613E-0002  9.620106E-0002  3.723049E-0002  9.328461E-0002  1.220808E-0001  1.275215E-0001  1.369972E-0001  1.265081E-0001  7.531500E-0002  2.374935E-0002  2.576494E-0002  1.105923E-0001  1.146159E-0001  1.168041E-0001  9.888864E-0002  1.164140E-0001  5.687737E-0002  8.774781E-0002  9.572816E-0002  9.209991E-0002  1.242477E-0001  1.282341E-0001  8.598161E-0002  6.987476E-0002  4.729128E-0002
  4.299116E-0002  4.611206E-0002  2.215433E-0002  2.878809E-0002  6.073773E-0002  3.449607E-0002  3.567982E-0002  9.304690E-0002  2.670276E-0002  5.460215E-0002  5.637479E-0002  8.586216E-0002  2.729642E-0002  3.051460E-0002  4.361033E-0002  1.162748E-0001  1.634045E-0001  0.000000E+0000  7.902026E-0002  2.639461E-0002  7.367086E-0002  1.067285E-0001  5.632782E-0002  1.043343E-0001  7.768631E-0002  7.298231E-0002  2.053738E-0002  2.084327E-0002  8.879280E-0002  9.274387E-0002  7.975101E-0002  1.012320E-0001  3.122044E-0002  6.283951E-0002  5.863333E-0002  3.196907E-0002  2.949810E-0001  1.726065E-0001  2.632856E-0002  2.221334E-0002  2.739727E-0002  4.238701E-0002  4.990637E-0002  5.592251E-0002  4.141951E-0002  3.224361E-0002  5.259445E-0002  2.180862E-0002  6.717664E-0002  2.661967E-0002  3.047085E-0002  4.249144E-0002  4.174376E-0002  6.838918E-0002  4.529828E-0002  6.162548E-0002  7.457471E-0002  4.242063E-0002  4.558134E-0002  6.510925E-0002  8.325922E-0002  1.798820E-0002  1.444674E-0001  8.450437E-0002  7.809234E-0002  1.034746E-0001  8.950317E-0002  7.369959E-0002  2.851629E-0002  2.085042E-0002  1.184747E-0001  6.423283E-0002  5.416322E-0002  6.489730E-0002  5.051494E-0002  6.122649E-0002  6.736004E-0002  7.021976E-0002  6.546593E-0002  8.010101E-0002  8.337760E-0002  3.734851E-0002  2.078342E-0002  2.472854E-0002
  2.970529E-0002  3.082585E-0002  3.795838E-0002  3.242946E-0002  5.588078E-0002  2.838039E-0002  5.991673E-0002  8.477879E-0002  4.419214E-0002  8.636314E-0002  8.327389E-0002  3.187132E-0002  8.631438E-0002  9.298348E-0002  1.204279E-0001  4.841280E-0002  8.036065E-0002  7.902026E-0002  0.000000E+0000  2.076805E-0002  8.317804E-0002  6.289864E-0002  4.955482E-0002  1.119628E-0001  1.144900E-0001  1.660967E-0001  6.865633E-0002  5.498159E-0002  7.076073E-0002  6.731510E-0002  5.099964E-0002  7.484770E-0002  5.790246E-0002  5.308056E-0002  4.943943E-0002  5.645943E-0002  8.341980E-0002  4.445648E-0002  4.412746E-0002  4.718256E-0002  6.136757E-0002  7.657087E-0002  5.278265E-0002  5.911183E-0002  5.226767E-0002  5.096018E-0002  4.123211E-0002  3.113186E-0002  6.273270E-0002  5.749044E-0002  5.598414E-0002  6.809652E-0002  6.743121E-0002  5.544984E-0002  7.099658E-0002  5.856985E-0002  4.426080E-0002  4.415119E-0002  4.182136E-0002  3.940654E-0002  9.802151E-0002  3.235137E-0002  1.028068E-0001  4.134798E-0002  6.390309E-0002  1.141190E-0001  8.150625E-0002  7.532787E-0002  4.679096E-0002  3.972173E-0002  8.076763E-0002  4.625726E-0002  4.489684E-0002  4.209816E-0002  4.586643E-0002  5.525029E-0002  3.151393E-0002  3.552866E-0002  6.364536E-0002  1.131904E-0001  5.987108E-0002  3.721890E-0002  5.360702E-0002  3.609377E-0002
  6.382370E-0002  5.725026E-0002  3.805161E-0002  3.669691E-0002  5.939054E-0002  4.313517E-0002  7.633293E-0002  9.939861E-0002  1.293163E-0001  1.907129E-0001  2.314687E-0001  2.839947E-0002  1.001345E-0001  1.004868E-0001  1.065529E-0001  4.794979E-0002  4.629612E-0002  2.639461E-0002  2.076805E-0002  0.000000E+0000  2.228580E-0001  2.995205E-0002  6.150627E-0002  5.183530E-0002  7.312006E-0002  3.792211E-0002  2.436771E-0001  3.867140E-0001  1.559086E-0001  4.423714E-0002  4.417276E-0002  7.878435E-0002  7.732725E-0002  8.763897E-0002  6.840777E-0002  2.454543E-0002  2.592123E-0002  2.901816E-0002  7.001734E-0002  8.996487E-0002  1.813288E-0001  2.096133E-0001  8.238113E-0002  8.154607E-0002  8.348274E-0002  7.520151E-0002  4.156351E-0002  7.548094E-0002  4.818964E-0002  9.927893E-0002  6.531858E-0002  6.026030E-0002  5.865115E-0002  5.278039E-0002  1.056032E-0001  9.168553E-0002  5.511314E-0002  4.933536E-0002  5.040443E-0002  4.642177E-0002  3.303444E-0002  2.487297E-0001  8.653212E-0002  5.387449E-0002  5.574095E-0002  6.055498E-0002  7.273984E-0002  3.732586E-0002  1.010479E-0001  1.381235E-0001  6.596804E-0002  5.343068E-0002  5.061269E-0002  5.118078E-0002  6.092310E-0002  5.110091E-0002  4.574072E-0002  4.482675E-0002  5.137146E-0002  7.594585E-0002  7.195950E-0002  7.109356E-0002  5.393052E-0002  3.791940E-0002
  6.160450E-0002  5.910110E-0002  4.629827E-0002  4.903197E-0002  9.286189E-0002  3.863454E-0002  7.931519E-0002  4.836965E-0002  5.264235E-0002  1.344395E-0001  1.544647E-0001  6.894588E-0002  4.449964E-0002  5.517602E-0002  7.792079E-0002  1.263385E-0001  1.131377E-0001  7.367086E-0002  8.317804E-0002  2.228580E-0001  0.000000E+0000  5.189133E-0002  8.445835E-0002  6.966722E-0002  7.487857E-0002  8.834076E-0002  5.710125E-0002  8.078957E-0002  1.300621E-0001  5.586863E-0002  6.816721E-0002  1.149022E-0001  3.979111E-0002  9.082830E-0002  6.952620E-0002  7.183433E-0002  7.434940E-0002  5.225968E-0002  5.949688E-0002  5.251741E-0002  9.088421E-0002  9.980583E-0002  9.647560E-0002  9.767938E-0002  8.029926E-0002  6.654227E-0002  5.455196E-0002  5.341995E-0002  7.489324E-0002  4.418254E-0002  5.829191E-0002  6.683302E-0002  7.683516E-0002  1.160316E-0001  4.916969E-0002  5.664983E-0002  6.409782E-0002  6.809855E-0002  7.586765E-0002  9.750366E-0002  8.572805E-0002  1.117920E-0001  2.146683E-0001  9.997225E-0002  8.134365E-0002  7.313180E-0002  5.814266E-0002  8.220983E-0002  3.610516E-0002  5.718040E-0002  1.134252E-0001  1.090483E-0001  9.650326E-0002  6.986761E-0002  8.961821E-0002  6.643498E-0002  9.127581E-0002  7.540584E-0002  7.951629E-0002  9.739792E-0002  1.648054E-0001  5.728626E-0002  5.064416E-0002  6.191158E-0002
  2.915311E-0002  2.633119E-0002  2.987421E-0002  2.611828E-0002  8.179110E-0002  3.834689E-0002  7.435095E-0002  7.972145E-0002  3.404105E-0002  4.884362E-0002  4.837322E-0002  3.459740E-0002  5.951083E-0002  6.098747E-0002  8.603907E-0002  6.589603E-0002  8.359432E-0002  1.067285E-0001  6.289864E-0002  2.995205E-0002  5.189133E-0002  0.000000E+0000  7.259369E-0002  7.917595E-0002  8.650303E-0002  1.055316E-0001  3.780603E-0002  3.620863E-0002  7.231522E-0002  6.529808E-0002  4.877663E-0002  1.710644E-0001  5.061173E-0002  6.632137E-0002  5.413532E-0002  1.100292E-0001  9.986639E-0002  3.872514E-0002  3.275037E-0002  3.419685E-0002  3.688765E-0002  4.780030E-0002  4.815197E-0002  5.209029E-0002  3.816140E-0002  3.151178E-0002  6.074166E-0002  3.294957E-0002  7.673854E-0002  2.083552E-0002  6.776810E-0003  2.701044E-0002  3.945637E-0002  2.533174E-0002  6.401241E-0002  5.908418E-0002  6.122911E-0002  1.153183E-0002  1.574254E-0002  4.406428E-0002  6.816578E-0002  2.724385E-0002  5.967569E-0002  1.773691E-0002  1.476717E-0002  6.889248E-0002  6.449986E-0002  7.358217E-0002  2.887237E-0002  3.185678E-0002  1.998329E-0002  9.809017E-0003  8.919716E-0003  5.072069E-0002  2.257323E-0002  8.321285E-0002  6.484997E-0002  4.966235E-0002  6.644750E-0002  8.305252E-0002  3.380823E-0002  1.767969E-0002  1.595116E-0002  1.343953E-0002
  2.964711E-0002  2.547979E-0002  1.840520E-0002  1.566839E-0002  8.046448E-0002  3.147411E-0002  7.672405E-0002  9.078074E-0002  7.255602E-0002  1.802063E-0001  1.395226E-0001  9.399986E-0002  4.688036E-0002  4.792619E-0002  5.626774E-0002  5.310631E-0002  4.603481E-0002  5.632782E-0002  4.955482E-0002  6.150627E-0002  8.445835E-0002  7.259369E-0002  0.000000E+0000  7.224464E-0002  5.874062E-0002  7.157588E-0002  4.928780E-0002  4.819894E-0002  2.069016E-0001  6.396103E-0002  1.084880E-0001  1.247787E-0001  1.466417E-0001  7.498026E-0002  4.763794E-0002  6.095028E-0002  5.138874E-0002  6.564116E-0002  8.256006E-0002  1.092910E-0001  1.009926E-0001  2.683525E-0001  8.562016E-0002  8.898032E-0002  6.703269E-0002  5.412352E-0002  5.841231E-0002  5.267739E-0002  9.675074E-0002  5.007172E-0002  3.442931E-0002  6.071067E-0002  7.102275E-0002  1.183614E-0001  6.436872E-0002  7.056093E-0002  8.016521E-0002  9.083223E-0002  8.744478E-0002  1.072156E-0001  6.968284E-0002  5.968761E-0002  5.949974E-0002  8.829212E-0002  1.307287E-0001  7.835817E-0002  6.852102E-0002  8.009565E-0002  4.310846E-0002  4.702115E-0002  1.167507E-0001  1.639500E-0001  1.401329E-0001  7.519269E-0002  6.748390E-0002  9.061223E-0002  8.532095E-0002  7.143068E-0002  8.039892E-0002  1.171057E-0001  1.434913E-0001  8.834314E-0002  3.754497E-0002  5.488443E-0002
  2.979803E-0002  1.809978E-0002  6.183994E-0002  6.146491E-0002  9.360471E-0002  7.526076E-0002  1.085228E-0001  7.708985E-0002  3.635985E-0002  5.956948E-0002  6.231278E-0002  2.411246E-0002  8.999944E-0002  9.589338E-0002  1.177401E-0001  1.048407E-0001  1.241812E-0001  1.043343E-0001  1.119628E-0001  5.183530E-0002  6.966722E-0002  7.917595E-0002  7.224464E-0002  0.000000E+0000  1.573992E-0001  1.838803E-0001  4.658902E-0002  4.382908E-0002  6.937361E-0002  8.306408E-0002  9.246874E-0002  1.171097E-0001  5.779588E-0002  5.772352E-0002  1.870322E-0002  7.215023E-0002  1.037368E-0001  4.607069E-0002  3.970110E-0002  4.894578E-0002  5.200619E-0002  5.932671E-0002  7.427895E-0002  7.520884E-0002  7.266128E-0002  6.892121E-0002  7.424048E-0002  7.298577E-0002  9.241903E-0002  3.270561E-0002  1.511555E-0002  4.013902E-0002  5.250323E-0002  1.203942E-0002  7.352662E-0002  5.501485E-0002  5.405426E-0002  2.400970E-0002  1.747489E-0002  2.420235E-0002  1.205754E-0001  5.116379E-0002  6.166840E-0002  2.408648E-0002  2.885222E-0002  3.786278E-0002  4.457569E-0002  1.025135E-0001  2.826488E-0002  3.250992E-0002  2.443075E-0002  2.819180E-0002  2.721834E-0002  3.338027E-0002  3.012443E-0002  7.316506E-0002  6.351447E-0002  1.715374E-0002  6.767035E-0002  7.495439E-0002  2.308369E-0002  2.782851E-0002  2.730036E-0002  2.568543E-0002
  4.109740E-0002  2.077127E-0002  6.237000E-0002  6.574833E-0002  1.091384E-0001  9.033597E-0002  1.286898E-0001  8.950764E-0002  6.597108E-0002  8.105081E-0002  7.858390E-0002  1.698709E-0002  1.069302E-0001  9.290886E-0002  1.050977E-0001  8.975387E-0002  1.070487E-0001  7.768631E-0002  1.144900E-0001  7.312006E-0002  7.487857E-0002  8.650303E-0002  5.874062E-0002  1.573992E-0001  0.000000E+0000  1.510463E-0001  4.709536E-0002  5.273700E-0002  6.329298E-0002  7.321262E-0002  7.976961E-0002  1.413116E-0001  7.327557E-0002  1.219101E-0001  2.091646E-0002  4.268599E-0002  7.501054E-0002  4.321587E-0002  3.043157E-0002  5.748975E-0002  7.312840E-0002  7.319832E-0002  9.360039E-0002  9.469113E-0002  9.119266E-0002  8.412912E-0002  8.953567E-0002  9.066749E-0002  1.012852E-0001  2.658069E-0002  2.258074E-0002  6.358713E-0002  7.421869E-0002  3.108490E-0002  1.102440E-0001  7.799673E-0002  5.980015E-0002  3.906596E-0002  3.613901E-0002  4.109907E-0002  1.363435E-0001  6.550449E-0002  5.556369E-0002  5.884814E-0002  4.592538E-0002  1.080074E-0001  4.595423E-0002  1.119623E-0001  3.872657E-0002  4.509503E-0002  3.563631E-0002  4.947913E-0002  4.521775E-0002  3.250802E-0002  3.923023E-0002  6.992960E-0002  8.700752E-0002  2.909577E-0002  7.406032E-0002  7.593781E-0002  4.795444E-0002  6.107706E-0002  5.365479E-0002  4.634631E-0002
  5.386162E-0002  4.980183E-0002  4.362321E-0002  4.367685E-0002  6.181097E-0002  4.896784E-0002  6.166172E-0002  1.027882E-0001  6.599320E-0002  1.078852E-0001  9.521934E-0002  4.713655E-0002  1.125203E-0001  1.144886E-0001  1.328101E-0001  5.559611E-0002  6.968188E-0002  7.298231E-0002  1.660967E-0001  3.792211E-0002  8.834076E-0002  1.055316E-0001  7.157588E-0002  1.838803E-0001  1.510463E-0001  0.000000E+0000  7.196569E-0002  6.398088E-0002  8.604336E-0002  9.512854E-0002  7.850742E-0002  9.260702E-0002  5.147874E-0002  8.294678E-0002  5.827069E-0002  5.624890E-0002  7.550168E-0002  5.087256E-0002  3.655469E-0002  4.462969E-0002  7.201867E-0002  9.425867E-0002  9.668195E-0002  1.005299E-0001  8.382475E-0002  7.502520E-0002  5.974197E-0002  4.846245E-0002  8.196020E-0002  6.874226E-0002  8.119267E-0002  1.006709E-0001  9.225693E-0002  8.839005E-0002  9.355652E-0002  8.832163E-0002  6.708258E-0002  7.886195E-0002  7.951105E-0002  7.491702E-0002  1.535883E-0001  2.945298E-0002  9.799933E-0002  7.844710E-0002  9.497869E-0002  1.635561E-0001  1.274958E-0001  9.071827E-0002  5.954868E-0002  4.901713E-0002  1.014716E-0001  7.947570E-0002  7.797259E-0002  5.838943E-0002  7.812667E-0002  6.540883E-0002  6.390738E-0002  5.725533E-0002  8.868968E-0002  1.518774E-0001  1.030169E-0001  9.105635E-0002  9.221458E-0002  7.741296E-0002
  4.781333E-0002  4.821499E-0002  6.276679E-0002  5.850160E-0002  7.974041E-0002  1.293221E-0001  5.645150E-0002  3.081846E-0002  4.426670E-0002  7.952976E-0002  4.679108E-0002  3.273273E-0002  4.727483E-0002  5.256796E-0002  4.815501E-0002  2.790964E-0002  3.159904E-0002  2.053738E-0002  6.865633E-0002  2.436771E-0001  5.710125E-0002  3.780603E-0002  4.928780E-0002  4.658902E-0002  4.709536E-0002  7.196569E-0002  0.000000E+0000  6.285286E-0002  5.908585E-0002  4.364860E-0002  3.157520E-0002  3.338742E-0002  2.747583E-0002  3.041124E-0002  4.264721E-0002  2.870929E-0002  3.040648E-0002  1.965189E-0002  3.645611E-0002  7.630157E-0002  1.067390E-0001  5.782270E-0002  3.946084E-0002  4.063770E-0002  3.267768E-0002  2.774107E-0002  4.545659E-0002  3.561628E-0002  4.028267E-0002  8.033943E-0002  9.423542E-0002  5.407906E-0002  5.396175E-0002  3.446388E-0002  3.425395E-0002  2.990657E-0002  2.955830E-0002  2.165937E-0002  1.994467E-0002  2.229846E-0002  5.631018E-0002  9.215117E-0002  6.194830E-0002  3.845656E-0002  4.176188E-0002  4.374087E-0002  3.463006E-0002  5.327141E-0002  7.984734E-0002  9.773254E-0002  7.839274E-0002  3.079987E-0002  2.761102E-0002  2.889776E-0002  4.117537E-0002  3.482378E-0002  4.256833E-0002  2.384174E-0002  3.303885E-0002  4.984093E-0002  7.807350E-0002  1.919055E-0002  1.574564E-0002  1.659262E-0002
  4.578573E-0002  4.651827E-0002  4.676867E-0002  4.214263E-0002  7.243019E-0002  4.538870E-0002  5.348051E-0002  4.061127E-0002  5.672550E-0002  9.490395E-0002  6.847906E-0002  3.006434E-0002  5.549705E-0002  6.001633E-0002  5.925065E-0002  2.615619E-0002  3.592110E-0002  2.084327E-0002  5.498159E-0002  3.867140E-0001  8.078957E-0002  3.620863E-0002  4.819894E-0002  4.382908E-0002  5.273700E-0002  6.398088E-0002  6.285286E-0002  0.000000E+0000  6.103802E-0002  4.186010E-0002  2.921367E-0002  4.244065E-0002  3.599048E-0002  4.040188E-0002  4.621130E-0002  2.855885E-0002  2.781010E-0002  1.722264E-0002  4.015779E-0002  8.508587E-0002  1.032829E-0001  8.600903E-0002  3.998840E-0002  4.007512E-0002  3.468144E-0002  3.061342E-0002  4.062438E-0002  3.586578E-0002  3.781137E-0002  8.766508E-0002  4.826880E-0002  4.015970E-0002  6.310368E-0002  3.938770E-0002  4.510665E-0002  3.783715E-0002  3.147417E-0002  1.997113E-0002  2.056336E-0002  2.408516E-0002  4.488027E-0002  1.067667E-0001  8.627081E-0002  3.088653E-0002  3.114152E-0002  3.907776E-0002  3.597879E-0002  4.538846E-0002  5.715084E-0002  1.115551E-0001  5.368137E-0002  2.618146E-0002  2.366042E-0002  2.864510E-0002  3.929138E-0002  3.570873E-0002  3.484350E-0002  2.352667E-0002  3.343606E-0002  5.578661E-0002  1.327877E-0001  2.667928E-0002  2.091908E-0002  2.008116E-0002
  3.035474E-0002  3.226256E-0002  2.871728E-0002  2.390337E-0002  9.037161E-0002  3.626180E-0002  8.486748E-0002  8.984995E-0002  8.402824E-0002  1.887383E-0001  2.131004E-0001  1.319275E-0001  4.553217E-0002  4.963470E-0002  6.398606E-0002  1.183004E-0001  5.731869E-0002  8.879280E-0002  7.076073E-0002  1.559086E-0001  1.300621E-0001  7.231522E-0002  2.069016E-0001  6.937361E-0002  6.329298E-0002  8.604336E-0002  5.908585E-0002  6.103802E-0002  0.000000E+0000  8.723545E-0002  1.208820E-0001  1.152069E-0001  1.004514E-0001  7.187986E-0002  5.474424E-0002  1.067357E-0001  7.178926E-0002  8.548713E-0002  8.131790E-0002  9.730291E-0002  1.294413E-0001  2.225523E-0001  8.940864E-0002  9.164643E-0002  7.087779E-0002  5.727863E-0002  5.708289E-0002  5.616629E-0002  9.566402E-0002  5.849624E-0002  4.966044E-0002  6.659007E-0002  8.170652E-0002  1.209712E-0001  5.913043E-0002  6.548586E-0002  7.466725E-0002  7.663679E-0002  8.141279E-0002  1.055884E-0001  7.916522E-0002  8.016300E-0002  7.811832E-0002  9.196091E-0002  1.010503E-0001  7.065415E-0002  5.872309E-0002  8.650279E-0002  5.021834E-0002  5.904865E-0002  1.042261E-0001  1.386652E-0001  1.182351E-0001  7.140386E-0002  6.776381E-0002  8.351189E-0002  8.167279E-0002  7.040477E-0002  8.013046E-0002  1.178345E-0001  1.953206E-0001  7.717371E-0002  3.913975E-0002  5.656815E-0002
