6661999 = Ignore first line (new format code)
File name: C:\Users\sxv140030\Desktop\Data_DR._V\EEG\ACHTEN_RIA_PT_RE_128_ICON-ROIlinLagConn.txt
1 = Number of time frames in Time X Frequency decomposition
45 = Number of EEG files
84 = Number Electrodes
256 = Number of time frames in EEG files
256 = Number of time frames in EEG files power of 2
5 = Number of matrices
5 = Band type (1=Classical1; 2=Classical2; 3=DiscreteFreqs; 4=AllDiscreteFreqs; 5=UserDefinedBands)
 1.280000E+0002 = Sampling rate Hz
-1.000000E+0002 = Freq1 Hz
-1.000000E+0002 = Freq2 Hz
 5.000000E-0001 = Frequency resolution Hz

  0.000000E+0000  2.830544E-0001  4.122391E-0001  3.867493E-0001  2.468824E-0001  3.490782E-0001  2.245431E-0001  2.394886E-0001  1.913066E-0001  2.606015E-0001  3.391852E-0001  2.071567E-0001  3.489523E-0001  3.503733E-0001  3.239489E-0001  3.266129E-0001  3.590875E-0001  2.911396E-0001  1.322279E-0001  1.316950E-0001  2.043386E-0001  1.919260E-0001  1.959019E-0001  1.995916E-0001  2.668271E-0001  2.284160E-0001  2.094681E-0001  1.457794E-0001  1.969011E-0001  1.626844E-0001  1.719832E-0001  2.937703E-0001  3.212845E-0001  2.749348E-0001  2.858372E-0001  2.744608E-0001  3.017945E-0001  2.773652E-0001  2.931349E-0001  2.947416E-0001  2.348533E-0001  2.973845E-0001  3.074489E-0001  3.132091E-0001  3.349109E-0001  3.161597E-0001  1.590438E-0001  2.439208E-0001  1.479878E-0001  2.043309E-0001  1.396315E-0001  1.464703E-0001  1.556923E-0001  1.807867E-0001  3.081075E-0001  2.696891E-0001  2.188376E-0001  2.448403E-0001  2.442254E-0001  2.273214E-0001  1.419153E-0001  1.285052E-0001  1.774788E-0001  2.713183E-0001  2.631341E-0001  1.696136E-0001  1.638013E-0001  1.376963E-0001  1.984689E-0001  1.421905E-0001  3.076249E-0001  2.687110E-0001  2.633239E-0001  2.868401E-0001  2.092264E-0001  2.079523E-0001  2.821333E-0001  2.376821E-0001  2.261620E-0001  1.562514E-0001  1.825643E-0001  1.652081E-0001  1.357832E-0001  1.628050E-0001
  2.830544E-0001  0.000000E+0000  1.318218E+0000  7.750378E-0001  2.463608E-0001  4.047842E-0001  2.222924E-0001  2.351801E-0001  1.808524E-0001  2.558622E-0001  3.368983E-0001  2.051570E-0001  3.154759E-0001  3.149891E-0001  2.837496E-0001  3.049273E-0001  3.348641E-0001  2.878218E-0001  1.324444E-0001  1.316295E-0001  2.096515E-0001  1.698375E-0001  2.008014E-0001  1.724844E-0001  2.393804E-0001  2.241535E-0001  1.954569E-0001  1.319200E-0001  1.998291E-0001  1.563215E-0001  1.686907E-0001  2.434769E-0001  3.362486E-0001  2.472868E-0001  2.988796E-0001  2.701750E-0001  3.266764E-0001  3.192940E-0001  3.120008E-0001  3.128297E-0001  2.355909E-0001  3.097422E-0001  3.096919E-0001  3.164721E-0001  3.402696E-0001  3.261509E-0001  1.746941E-0001  2.389274E-0001  1.533313E-0001  2.058878E-0001  1.587572E-0001  1.663182E-0001  1.794047E-0001  1.889091E-0001  2.942052E-0001  2.728394E-0001  2.463266E-0001  2.499390E-0001  2.541573E-0001  2.418332E-0001  1.445279E-0001  1.419952E-0001  1.877683E-0001  2.700616E-0001  2.588437E-0001  1.527832E-0001  1.646957E-0001  1.432984E-0001  1.920643E-0001  1.321880E-0001  2.926496E-0001  2.703943E-0001  2.665889E-0001  3.137829E-0001  2.142879E-0001  2.334016E-0001  2.903771E-0001  2.500885E-0001  2.415199E-0001  1.581142E-0001  1.908649E-0001  1.765735E-0001  1.536238E-0001  1.837859E-0001
  4.122391E-0001  1.318218E+0000  0.000000E+0000  3.090115E-0001  2.367191E-0001  2.978888E-0001  1.907248E-0001  2.809052E-0001  2.465811E-0001  1.691599E-0001  2.485147E-0001  1.269820E-0001  3.657441E-0001  3.115783E-0001  2.263389E-0001  2.129626E-0001  2.220559E-0001  1.664274E-0001  1.175169E-0001  1.440897E-0001  1.537327E-0001  1.053113E-0001  1.489080E-0001  1.809119E-0001  2.174335E-0001  1.906648E-0001  1.927423E-0001  1.372943E-0001  1.545572E-0001  9.776199E-0002  1.072573E-0001  1.452546E-0001  2.503285E-0001  2.084217E-0001  3.943567E-0001  1.457775E-0001  1.973805E-0001  2.063246E-0001  2.497883E-0001  2.928696E-0001  2.656250E-0001  2.474511E-0001  2.193499E-0001  2.165890E-0001  2.459588E-0001  2.317505E-0001  1.040349E-0001  1.928172E-0001  1.153869E-0001  1.626303E-0001  1.718199E-0001  1.419179E-0001  1.011980E-0001  1.356345E-0001  2.984838E-0001  2.733177E-0001  2.368120E-0001  1.908410E-0001  1.872655E-0001  1.731327E-0001  1.158161E-0001  1.392975E-0001  1.334474E-0001  2.197049E-0001  1.913352E-0001  1.836040E-0001  1.958977E-0001  7.505655E-0002  1.902089E-0001  1.415858E-0001  2.222810E-0001  2.022316E-0001  2.011530E-0001  2.476417E-0001  1.262710E-0001  2.124051E-0001  2.483408E-0001  1.782367E-0001  1.679394E-0001  1.269844E-0001  1.311750E-0001  1.113449E-0001  1.045528E-0001  9.221649E-0002
  3.867493E-0001  7.750378E-0001  3.090115E-0001  0.000000E+0000  1.997499E-0001  3.127127E-0001  1.799312E-0001  2.839069E-0001  2.456441E-0001  1.562672E-0001  2.526772E-0001  1.273701E-0001  3.725097E-0001  3.197427E-0001  2.417746E-0001  2.207220E-0001  2.347558E-0001  1.842492E-0001  1.452947E-0001  1.390319E-0001  1.463938E-0001  1.268067E-0001  1.472888E-0001  2.076957E-0001  2.403119E-0001  2.158928E-0001  1.992316E-0001  1.452007E-0001  1.517403E-0001  1.058985E-0001  1.166830E-0001  1.780875E-0001  2.354428E-0001  2.166953E-0001  4.377871E-0001  1.683378E-0001  2.070155E-0001  2.132297E-0001  2.307518E-0001  2.756548E-0001  2.564130E-0001  2.424765E-0001  2.107105E-0001  2.158709E-0001  2.362232E-0001  2.186270E-0001  8.148861E-0002  1.873655E-0001  9.963775E-0002  1.523180E-0001  1.431310E-0001  1.307214E-0001  9.662354E-0002  1.187763E-0001  3.097115E-0001  2.686008E-0001  2.094094E-0001  1.887526E-0001  1.793568E-0001  1.606580E-0001  1.333241E-0001  1.127095E-0001  1.288091E-0001  2.268853E-0001  1.922133E-0001  2.038249E-0001  1.996924E-0001  6.983352E-0002  1.987107E-0001  1.506178E-0001  2.216326E-0001  2.027680E-0001  2.004842E-0001  2.335581E-0001  1.073283E-0001  1.887527E-0001  2.423594E-0001  1.747427E-0001  1.584861E-0001  1.150080E-0001  1.114598E-0001  9.677291E-0002  8.965766E-0002  8.874100E-0002
  2.468824E-0001  2.463608E-0001  2.367191E-0001  1.997499E-0001  0.000000E+0000  1.533866E-0001  5.223370E-0001  1.057829E-0001  8.398628E-0002  1.290543E-0001  8.643508E-0002  1.642426E-0001  3.011758E-0001  2.928386E-0001  2.830148E-0001  1.773627E-0001  1.945965E-0001  1.885512E-0001  1.773167E-0001  1.135699E-0001  5.932558E-0002  1.515689E-0001  8.363354E-0002  1.964705E-0001  2.448289E-0001  1.788187E-0001  1.220396E-0001  1.240701E-0001  7.655561E-0002  8.361888E-0002  1.211376E-0001  2.464170E-0001  1.669511E-0001  2.625995E-0001  3.176498E-0001  1.866980E-0001  1.688898E-0001  1.694554E-0001  1.400708E-0001  1.302056E-0001  1.300077E-0001  1.049721E-0001  2.464728E-0001  2.373171E-0001  1.992755E-0001  1.853414E-0001  1.396904E-0001  1.169219E-0001  1.757870E-0001  1.309137E-0001  1.422706E-0001  1.184592E-0001  5.773532E-0002  1.390003E-0001  2.532167E-0001  2.400923E-0001  2.746141E-0001  1.530768E-0001  1.306090E-0001  1.117363E-0001  1.538010E-0001  1.467254E-0001  5.846548E-0002  2.026269E-0001  1.679522E-0001  1.888644E-0001  1.460881E-0001  1.088037E-0001  9.094524E-0002  1.188751E-0001  1.657048E-0001  1.739320E-0001  1.682650E-0001  2.192487E-0001  1.311035E-0001  3.642566E-0001  2.590919E-0001  1.218709E-0001  1.011910E-0001  1.286016E-0001  1.272931E-0001  1.232080E-0001  1.440687E-0001  8.454597E-0002
  3.490782E-0001  4.047842E-0001  2.978888E-0001  3.127127E-0001  1.533866E-0001  0.000000E+0000  1.822238E-0001  3.937807E-0001  3.315835E-0001  1.775925E-0001  2.543592E-0001  1.142885E-0001  3.759670E-0001  3.138924E-0001  2.506852E-0001  2.405884E-0001  2.605982E-0001  1.855130E-0001  1.889958E-0001  1.499338E-0001  1.355889E-0001  1.435529E-0001  1.499227E-0001  2.509862E-0001  2.682118E-0001  2.028794E-0001  2.218366E-0001  1.955972E-0001  1.498227E-0001  1.132463E-0001  1.382868E-0001  2.149086E-0001  2.223189E-0001  2.265584E-0001  3.747315E-0001  1.615872E-0001  1.773465E-0001  2.351499E-0001  1.945047E-0001  2.501376E-0001  2.766423E-0001  2.324562E-0001  2.069590E-0001  2.259026E-0001  2.312095E-0001  2.173972E-0001  6.792259E-0002  3.644714E-0001  9.276295E-0002  1.045725E-0001  1.132787E-0001  1.406536E-0001  1.043218E-0001  7.541656E-0002  3.156203E-0001  2.617642E-0001  1.890247E-0001  1.941341E-0001  1.637303E-0001  1.371225E-0001  1.753246E-0001  1.554055E-0001  1.322020E-0001  2.399855E-0001  1.915002E-0001  2.550122E-0001  2.328980E-0001  6.305766E-0002  1.806064E-0001  1.968584E-0001  1.945339E-0001  2.073385E-0001  2.061189E-0001  2.276193E-0001  9.643096E-0002  1.662597E-0001  2.671015E-0001  1.738431E-0001  1.476382E-0001  8.418584E-0002  8.177674E-0002  9.167218E-0002  1.017876E-0001  9.828755E-0002
  2.245431E-0001  2.222924E-0001  1.907248E-0001  1.799312E-0001  5.223370E-0001  1.822238E-0001  0.000000E+0000  1.809068E-0001  6.004858E-0002  1.604948E-0001  1.188848E-0001  1.683892E-0001  2.421799E-0001  2.516489E-0001  3.739376E-0001  2.172983E-0001  2.357650E-0001  2.068306E-0001  3.322053E-0001  1.145157E-0001  6.731868E-0002  1.311610E-0001  8.559954E-0002  2.531970E-0001  2.329016E-0001  4.008751E-0001  1.432962E-0001  1.060400E-0001  8.638418E-0002  6.275153E-0002  1.067748E-0001  2.270417E-0001  1.516813E-0001  5.790491E-0001  2.962627E-0001  1.876493E-0001  1.829849E-0001  1.784537E-0001  1.570228E-0001  1.381073E-0001  1.175515E-0001  9.717357E-0002  3.325272E-0001  3.289223E-0001  4.062405E-0001  4.277987E-0001  5.440826E-0001  2.388864E-0001  5.212526E-0001  1.562641E-0001  8.527565E-0002  1.516478E-0001  9.164715E-0002  1.623589E-0001  2.234101E-0001  2.171745E-0001  2.735667E-0001  1.915482E-0001  1.737176E-0001  1.739223E-0001  3.604279E-0001  1.264846E-0001  7.983029E-0002  2.341335E-0001  1.793911E-0001  2.706761E-0001  1.900222E-0001  3.504238E-0001  1.091349E-0001  1.063368E-0001  1.701047E-0001  2.001429E-0001  1.989278E-0001  2.298589E-0001  1.482990E-0001  4.054132E-0001  4.283638E-0001  1.710141E-0001  1.832445E-0001  1.928976E-0001  1.542475E-0001  1.170604E-0001  1.223950E-0001  9.931684E-0002
  2.394886E-0001  2.351801E-0001  2.809052E-0001  2.839069E-0001  1.057829E-0001  3.937807E-0001  1.809068E-0001  0.000000E+0000  1.039787E+0000  1.318274E-0001  1.447048E-0001  1.660730E-0001  3.454212E-0001  3.116242E-0001  2.717031E-0001  1.954570E-0001  1.815727E-0001  1.490893E-0001  1.284114E-0001  2.630005E-0001  1.345325E-0001  1.436583E-0001  1.430614E-0001  1.241610E-0001  2.255617E-0001  1.747339E-0001  2.267580E-0001  2.076597E-0001  1.372347E-0001  1.489607E-0001  1.729424E-0001  2.222188E-0001  1.728277E-0001  2.640471E-0001  2.113286E-0001  1.404968E-0001  1.440935E-0001  1.308333E-0001  1.667371E-0001  2.206707E-0001  2.513599E-0001  1.640258E-0001  9.116721E-0002  8.773232E-0002  9.537673E-0002  9.005618E-0002  9.948683E-0002  9.317803E-0002  1.244845E-0001  4.217644E-0001  1.391258E-0001  1.727910E-0001  7.947886E-0002  8.010852E-0002  2.724324E-0001  2.100516E-0001  1.243347E-0001  1.093750E-0001  9.268963E-0002  4.604912E-0002  8.911014E-0002  2.050428E-0001  1.119946E-0001  8.779240E-0002  1.438305E-0001  9.386829E-0002  1.090091E-0001  9.956527E-0002  3.003445E-0001  2.052736E-0001  3.446388E-0001  1.177054E-0001  1.147396E-0001  5.949903E-0002  1.345625E-0001  1.053161E-0001  1.128101E-0001  3.201866E-0002  3.228152E-0002  4.569864E-0002  1.387949E-0001  2.570424E-0001  1.758933E-0001  9.370995E-0002
  1.913066E-0001  1.808524E-0001  2.465811E-0001  2.456441E-0001  8.398628E-0002  3.315835E-0001  6.004858E-0002  1.039787E+0000  0.000000E+0000  2.890568E-0001  1.786084E-0001  1.267912E-0001  1.215708E-0001  1.121566E-0001  9.654641E-0002  1.125145E-0001  1.011567E-0001  8.631802E-0002  8.122051E-0002  1.953979E-0001  1.300173E-0001  8.967447E-0002  1.062703E-0001  6.423366E-0002  7.833314E-0002  7.754445E-0002  5.348120E-0001  3.460608E-0001  1.205604E-0001  9.473658E-0002  8.863163E-0002  7.444978E-0002  1.468148E-0001  1.136302E-0001  1.465371E-0001  8.538997E-0002  8.361900E-0002  7.575250E-0002  1.976662E-0001  3.101101E-0001  3.710403E-0001  1.815357E-0001  1.238465E-0001  1.193463E-0001  1.167130E-0001  1.055086E-0001  7.446194E-0002  6.961477E-0002  5.419397E-0002  2.409649E-0001  3.516197E-0002  4.944134E-0002  5.185008E-0002  6.551123E-0002  1.163870E-0001  9.828162E-0002  7.278198E-0002  7.130766E-0002  6.445241E-0002  5.197155E-0002  6.612682E-0002  1.265945E-0001  8.608437E-0002  6.033981E-0002  1.127414E-0001  5.295581E-0002  6.736529E-0002  7.328534E-0002  3.996201E-0001  2.857318E-0001  3.465347E-0001  7.909083E-0002  7.452059E-0002  4.421437E-0002  9.986115E-0002  8.279914E-0002  1.043905E-0001  4.879344E-0002  5.549240E-0002  6.602001E-0002  9.563828E-0002  9.942722E-0002  4.538059E-0002  7.500434E-0002
  2.606015E-0001  2.558622E-0001  1.691599E-0001  1.562672E-0001  1.290543E-0001  1.775925E-0001  1.604948E-0001  1.318274E-0001  2.890568E-0001  0.000000E+0000  1.851978E-0001  1.380417E-0001  1.482668E-0001  1.592164E-0001  2.485280E-0001  2.796278E-0001  3.214931E-0001  2.601941E-0001  8.467102E-0002  1.273837E-0001  8.286953E-0002  2.155185E-0001  1.456761E-0001  8.508253E-0002  1.458230E-0001  1.026821E-0001  9.647083E-0002  1.109476E-0001  1.040272E-0001  2.019324E-0001  2.612596E-0001  3.420067E-0001  1.254201E-0001  4.186254E-0001  4.028139E-0001  2.240028E-0001  2.418015E-0001  1.811879E-0001  1.493049E-0001  9.495926E-0002  2.462301E-0001  1.129608E-0001  9.781957E-0002  1.036064E-0001  1.105370E-0001  1.174612E-0001  1.726584E-0001  1.667881E-0001  1.448960E-0001  1.331034E-0001  6.055450E-0002  1.630807E-0002  4.009295E-0002  8.303881E-0002  1.180355E-0001  8.793700E-0002  6.197989E-0002  4.529262E-0002  5.932093E-0002  8.542824E-0002  6.471664E-0002  1.176456E-0001  5.484200E-0002  7.146549E-0002  4.908466E-0002  3.927982E-0002  1.272332E-0002  9.126568E-0002  7.524920E-0002  1.090927E-0001  9.382820E-0002  5.276060E-0002  4.730511E-0002  7.477880E-0002  6.698561E-0002  6.452858E-0002  8.884192E-0002  8.567023E-0002  9.224415E-0002  1.101145E-0001  6.077623E-0002  2.446628E-0002  1.581311E-0002  4.061747E-0002
  3.391852E-0001  3.368983E-0001  2.485147E-0001  2.526772E-0001  8.643508E-0002  2.543592E-0001  1.188848E-0001  1.447048E-0001  1.786084E-0001  1.851978E-0001  0.000000E+0000  2.820137E-0001  2.004461E-0001  2.420526E-0001  3.289890E-0001  5.788374E-0001  4.195304E-0001  3.484411E-0001  5.839062E-0002  1.602011E-0001  1.757278E-0001  3.798780E-0001  4.282017E-0001  1.435874E-0001  2.371931E-0001  7.254410E-0002  1.261735E-0001  1.410689E-0001  2.161465E-0001  4.286175E-0001  4.348078E-0001  3.639030E-0001  2.602339E-0001  4.042945E-0001  4.425387E-0001  3.150213E-0001  3.237104E-0001  3.101025E-0001  3.085146E-0001  2.810516E-0001  3.017378E-0001  9.167099E-0002  8.891630E-0002  9.347963E-0002  1.005163E-0001  1.041581E-0001  1.547821E-0001  1.829963E-0001  1.121213E-0001  1.605899E-0001  8.103037E-0002  5.141258E-0002  9.914494E-0002  1.332309E-0001  1.250341E-0001  9.971285E-0002  9.252238E-0002  1.878319E-0001  2.049589E-0001  1.980634E-0001  3.943890E-0002  1.312414E-0001  2.285938E-0001  1.518831E-0001  2.244468E-0001  6.841135E-0002  2.692688E-0002  5.744088E-0002  1.210336E-0001  1.403432E-0001  1.509166E-0001  1.903458E-0001  1.870160E-0001  1.757193E-0001  8.832645E-0002  1.235568E-0001  1.689911E-0001  1.629457E-0001  1.898315E-0001  1.419106E-0001  1.166470E-0001  6.863022E-0002  4.442406E-0002  7.890654E-0002
  2.071567E-0001  2.051570E-0001  1.269820E-0001  1.273701E-0001  1.642426E-0001  1.142885E-0001  1.683892E-0001  1.660730E-0001  1.267912E-0001  1.380417E-0001  2.820137E-0001  0.000000E+0000  2.930501E-0001  3.013926E-0001  3.110018E-0001  3.981738E-0001  2.840042E-0001  2.472591E-0001  1.815042E-0001  1.364212E-0001  1.959958E-0001  2.478051E-0001  2.367897E-0001  2.173877E-0001  2.860301E-0001  1.680453E-0001  1.496727E-0001  1.170094E-0001  2.507510E-0001  2.122412E-0001  2.493606E-0001  3.204637E-0001  4.408607E-0001  3.201194E-0001  2.769110E-0001  5.709543E-0001  3.068075E-0001  3.097792E-0001  4.008617E-0001  3.592210E-0001  2.121038E-0001  2.969666E-0001  5.133157E-0001  5.202653E-0001  4.512246E-0001  3.863620E-0001  2.210594E-0001  1.547178E-0001  1.375381E-0001  1.931881E-0001  1.431268E-0001  1.918402E-0001  1.901141E-0001  1.501312E-0001  2.612324E-0001  2.439401E-0001  2.252479E-0001  2.359681E-0001  2.096627E-0001  1.912646E-0001  1.486931E-0001  1.504319E-0001  2.241964E-0001  2.787428E-0001  2.574620E-0001  1.923308E-0001  1.963170E-0001  1.124938E-0001  1.797340E-0001  1.438346E-0001  2.417841E-0001  2.560561E-0001  2.517285E-0001  2.722130E-0001  1.550989E-0001  2.548181E-0001  3.813069E-0001  2.431092E-0001  2.209399E-0001  8.874488E-0002  2.065048E-0001  2.425857E-0001  2.490289E-0001  2.201457E-0001
  3.489523E-0001  3.154759E-0001  3.657441E-0001  3.725097E-0001  3.011758E-0001  3.759670E-0001  2.421799E-0001  3.454212E-0001  1.215708E-0001  1.482668E-0001  2.004461E-0001  2.930501E-0001  0.000000E+0000  6.844425E-0001  3.740520E-0001  2.726574E-0001  3.176494E-0001  3.790426E-0001  1.902081E-0001  2.485873E-0001  1.729312E-0001  1.384635E-0001  2.153409E-0001  2.185383E-0001  1.433287E-0001  1.519828E-0001  2.365026E-0001  1.577630E-0001  2.036109E-0001  1.410861E-0001  1.710749E-0001  1.871185E-0001  2.900540E-0001  1.619310E-0001  2.607107E-0001  3.125992E-0001  3.690214E-0001  2.983987E-0001  2.641658E-0001  2.614131E-0001  1.750369E-0001  2.259398E-0001  4.306591E-0001  4.389827E-0001  4.212658E-0001  4.071414E-0001  3.328192E-0001  3.006909E-0001  2.804186E-0001  1.743997E-0001  7.651687E-0002  1.319203E-0001  1.124181E-0001  3.142078E-0001  5.830383E-0001  5.152092E-0001  4.715953E-0001  3.034997E-0001  2.970896E-0001  3.450072E-0001  2.054192E-0001  2.572998E-0001  1.666162E-0001  3.346577E-0001  2.857180E-0001  2.567363E-0001  2.551489E-0001  2.298931E-0001  1.908817E-0001  1.511015E-0001  2.325509E-0001  3.187644E-0001  3.183200E-0001  4.724851E-0001  1.312799E-0001  4.630091E-0001  4.552224E-0001  2.915154E-0001  3.774548E-0001  3.502922E-0001  2.590237E-0001  1.717150E-0001  1.673501E-0001  1.211532E-0001
  3.503733E-0001  3.149891E-0001  3.115783E-0001  3.197427E-0001  2.928386E-0001  3.138924E-0001  2.516489E-0001  3.116242E-0001  1.121566E-0001  1.592164E-0001  2.420526E-0001  3.013926E-0001  6.844425E-0001  0.000000E+0000  3.079605E-0001  3.220797E-0001  3.602047E-0001  4.431324E-0001  2.125406E-0001  2.284786E-0001  2.020903E-0001  1.637707E-0001  2.641759E-0001  2.345295E-0001  1.913996E-0001  1.835461E-0001  2.191623E-0001  1.406709E-0001  2.386496E-0001  1.754584E-0001  2.141190E-0001  2.179127E-0001  3.233047E-0001  1.634445E-0001  2.833958E-0001  3.823552E-0001  4.326801E-0001  2.983215E-0001  2.761391E-0001  2.733417E-0001  1.890883E-0001  2.488739E-0001  4.256916E-0001  4.443357E-0001  4.359014E-0001  4.221315E-0001  3.376136E-0001  2.937829E-0001  2.918761E-0001  1.912153E-0001  8.924544E-0002  1.540427E-0001  1.403210E-0001  3.034739E-0001  4.669666E-0001  3.918390E-0001  3.772907E-0001  3.056567E-0001  2.914987E-0001  3.401339E-0001  2.275562E-0001  2.415818E-0001  1.925902E-0001  3.411877E-0001  2.976618E-0001  2.578950E-0001  2.495358E-0001  2.463312E-0001  1.802502E-0001  1.370318E-0001  2.468615E-0001  3.240666E-0001  3.218222E-0001  4.446111E-0001  1.492433E-0001  4.273572E-0001  4.765856E-0001  3.004041E-0001  3.843315E-0001  3.297193E-0001  2.595416E-0001  1.890317E-0001  1.904817E-0001  1.427200E-0001
  3.239489E-0001  2.837496E-0001  2.263389E-0001  2.417746E-0001  2.830148E-0001  2.506852E-0001  3.739376E-0001  2.717031E-0001  9.654641E-0002  2.485280E-0001  3.289890E-0001  3.110018E-0001  3.740520E-0001  3.079605E-0001  0.000000E+0000  3.824253E-0001  4.126625E-0001  5.622964E-0001  2.992742E-0001  2.101172E-0001  2.537425E-0001  2.320700E-0001  3.451819E-0001  2.921529E-0001  3.196621E-0001  3.349700E-0001  1.989300E-0001  1.258849E-0001  2.992175E-0001  2.485495E-0001  2.989035E-0001  3.243876E-0001  3.726642E-0001  2.514381E-0001  3.351908E-0001  5.376344E-0001  5.699630E-0001  3.008606E-0001  2.991008E-0001  2.975225E-0001  2.176161E-0001  2.895138E-0001  4.343259E-0001  4.576528E-0001  4.593940E-0001  4.435120E-0001  3.576293E-0001  3.069870E-0001  3.297992E-0001  2.210444E-0001  1.170334E-0001  1.915200E-0001  1.907556E-0001  2.857122E-0001  3.190365E-0001  2.919464E-0001  3.217912E-0001  3.184536E-0001  3.097134E-0001  3.487711E-0001  2.964652E-0001  2.269905E-0001  2.394953E-0001  3.578646E-0001  3.124151E-0001  2.847028E-0001  2.679613E-0001  2.998962E-0001  1.812043E-0001  1.290125E-0001  2.728915E-0001  3.346374E-0001  3.325207E-0001  4.302750E-0001  1.842085E-0001  3.901876E-0001  5.220881E-0001  3.256474E-0001  3.919911E-0001  3.117003E-0001  2.647177E-0001  2.130085E-0001  2.173405E-0001  1.813443E-0001
  3.266129E-0001  3.049273E-0001  2.129626E-0001  2.207220E-0001  1.773627E-0001  2.405884E-0001  2.172983E-0001  1.954570E-0001  1.125145E-0001  2.796278E-0001  5.788374E-0001  3.981738E-0001  2.726574E-0001  3.220797E-0001  3.824253E-0001  0.000000E+0000  4.854012E-0001  1.671561E+0000  6.297302E-0002  1.462704E-0001  4.836121E-0001  3.655815E-0001  3.408718E-0001  2.291965E-0001  2.862663E-0001  8.528852E-0002  1.487556E-0001  1.226549E-0001  4.200029E-0001  3.085651E-0001  3.966656E-0001  4.268103E-0001  5.591116E-0001  3.921986E-0001  4.331956E-0001  8.241329E-0001  1.893607E+0000  9.857664E-0001  3.934259E-0001  4.472957E-0001  3.544731E-0001  4.511204E-0001  3.857396E-0001  4.086535E-0001  3.733492E-0001  3.338717E-0001  2.716324E-0001  2.245637E-0001  1.859980E-0001  2.463286E-0001  1.500967E-0001  2.288394E-0001  2.424359E-0001  2.811809E-0001  2.425253E-0001  2.566307E-0001  3.038800E-0001  3.900113E-0001  3.590846E-0001  2.926121E-0001  6.075001E-0002  1.703515E-0001  3.764687E-0001  3.270378E-0001  3.967657E-0001  2.205017E-0001  2.319024E-0001  8.828259E-0002  1.847711E-0001  1.479087E-0001  3.740716E-0001  3.879781E-0001  3.989081E-0001  3.957291E-0001  2.971714E-0001  3.633085E-0001  4.696906E-0001  3.040504E-0001  2.999954E-0001  1.656308E-0001  3.892658E-0001  3.562279E-0001  3.292654E-0001  2.948077E-0001
  3.590875E-0001  3.348641E-0001  2.220559E-0001  2.347558E-0001  1.945965E-0001  2.605982E-0001  2.357650E-0001  1.815727E-0001  1.011567E-0001  3.214931E-0001  4.195304E-0001  2.840042E-0001  3.176494E-0001  3.602047E-0001  4.126625E-0001  4.854012E-0001  0.000000E+0000  9.541140E-0001  9.498167E-0002  1.466055E-0001  3.219156E-0001  3.331070E-0001  3.364611E-0001  2.485311E-0001  2.918367E-0001  1.181950E-0001  1.499438E-0001  1.299875E-0001  3.274612E-0001  3.035774E-0001  3.568563E-0001  5.296755E-0001  5.852146E-0001  4.546185E-0001  4.560957E-0001  6.315422E-0001  1.254305E+0000  1.014359E+0000  3.994021E-0001  4.383707E-0001  3.412738E-0001  3.988218E-0001  3.566139E-0001  3.843977E-0001  3.558271E-0001  3.190972E-0001  2.763045E-0001  2.274498E-0001  2.002001E-0001  2.627146E-0001  1.692250E-0001  2.308772E-0001  2.226491E-0001  2.254796E-0001  2.620370E-0001  2.632914E-0001  2.993358E-0001  3.721416E-0001  3.546700E-0001  2.942605E-0001  8.786249E-0002  1.730509E-0001  3.182449E-0001  3.410029E-0001  3.658571E-0001  2.482812E-0001  2.583311E-0001  9.532189E-0002  1.932483E-0001  1.639764E-0001  3.265533E-0001  3.672757E-0001  3.780499E-0001  3.964484E-0001  2.320960E-0001  3.564284E-0001  4.953578E-0001  3.138022E-0001  3.037672E-0001  1.343381E-0001  3.404086E-0001  2.826073E-0001  2.800279E-0001  2.470355E-0001
  2.911396E-0001  2.878218E-0001  1.664274E-0001  1.842492E-0001  1.885512E-0001  1.855130E-0001  2.068306E-0001  1.490893E-0001  8.631802E-0002  2.601941E-0001  3.484411E-0001  2.472591E-0001  3.790426E-0001  4.431324E-0001  5.622964E-0001  1.671561E+0000  9.541140E-0001  0.000000E+0000  1.463175E-0001  1.009143E-0001  2.401607E-0001  2.454782E-0001  3.606939E-0001  2.319977E-0001  3.140626E-0001  1.822033E-0001  9.399295E-0002  5.346501E-0002  2.962887E-0001  2.844095E-0001  3.014889E-0001  3.492355E-0001  5.342813E-0001  5.057263E-0001  3.992143E-0001  4.996490E-0001  3.289150E+0000  1.021562E+0000  2.782257E-0001  3.130898E-0001  2.496333E-0001  3.215668E-0001  4.462759E-0001  5.112259E-0001  4.205215E-0001  3.750434E-0001  2.949202E-0001  1.991028E-0001  2.024045E-0001  2.294264E-0001  1.578453E-0001  2.399623E-0001  2.311255E-0001  2.211847E-0001  3.085356E-0001  2.961786E-0001  3.082472E-0001  3.096406E-0001  3.052390E-0001  3.160446E-0001  1.607952E-0001  1.298969E-0001  2.510026E-0001  3.781266E-0001  2.993245E-0001  2.333114E-0001  2.570356E-0001  1.688333E-0001  1.718704E-0001  9.272516E-0002  2.751420E-0001  3.201640E-0001  3.218272E-0001  4.038714E-0001  1.980463E-0001  3.993672E-0001  5.577857E-0001  3.628809E-0001  3.549030E-0001  1.296422E-0001  2.908027E-0001  2.571530E-0001  3.266988E-0001  2.281655E-0001
  1.322279E-0001  1.324444E-0001  1.175169E-0001  1.452947E-0001  1.773167E-0001  1.889958E-0001  3.322053E-0001  1.284114E-0001  8.122051E-0002  8.467102E-0002  5.839062E-0002  1.815042E-0001  1.902081E-0001  2.125406E-0001  2.992742E-0001  6.297302E-0002  9.498167E-0002  1.463175E-0001  0.000000E+0000  1.367475E-0001  3.885388E-0002  1.009259E-0001  4.266024E-0002  1.041698E-0001  2.017627E-0001  2.851286E-0001  1.120441E-0001  7.215285E-0002  4.976225E-0002  5.998540E-0002  5.419254E-0002  2.046518E-0001  1.074442E-0001  3.632498E-0001  2.171392E-0001  1.970167E-0001  1.908476E-0001  2.643011E-0001  2.056468E-0001  1.837886E-0001  1.275347E-0001  5.966735E-0002  2.809458E-0001  2.864234E-0001  3.125629E-0001  3.032241E-0001  2.083802E-0001  2.384751E-0001  2.082262E-0001  1.545517E-0001  9.497023E-0002  1.677493E-0001  1.306515E-0001  1.578360E-0001  2.021788E-0001  2.074461E-0001  2.450603E-0001  8.949900E-0002  9.485722E-0002  1.092361E-0001  1.299524E-0001  1.828067E-0001  7.029927E-0002  1.503940E-0001  9.876096E-0002  9.083652E-0002  7.806802E-0002  1.680388E-0001  1.608857E-0001  1.032247E-0001  9.756535E-0002  1.099808E-0001  1.027150E-0001  1.750461E-0001  1.319181E-0001  3.107538E-0001  2.857113E-0001  1.014673E-0001  1.140447E-0001  1.406132E-0001  1.932755E-0001  1.928337E-0001  1.922133E-0001  1.257157E-0001
  1.316950E-0001  1.316295E-0001  1.440897E-0001  1.390319E-0001  1.135699E-0001  1.499338E-0001  1.145157E-0001  2.630005E-0001  1.953979E-0001  1.273837E-0001  1.602011E-0001  1.364212E-0001  2.485873E-0001  2.284786E-0001  2.101172E-0001  1.462704E-0001  1.466055E-0001  1.009143E-0001  1.367475E-0001  0.000000E+0000  1.264827E-0001  1.237080E-0001  1.202317E-0001  1.188673E-0001  1.866223E-0001  1.221494E-0001  1.196827E-0001  1.286855E-0001  1.278297E-0001  1.186592E-0001  1.313344E-0001  1.963565E-0001  1.626606E-0001  1.958717E-0001  1.276032E-0001  1.267266E-0001  8.817375E-0002  9.721148E-0002  2.244251E-0001  2.513514E-0001  2.117493E-0001  1.796920E-0001  1.091880E-0001  1.028070E-0001  1.105144E-0001  1.014471E-0001  7.666826E-0002  1.334114E-0001  5.270040E-0002  1.467896E-0001  1.091442E-0001  1.036534E-0001  9.401834E-0002  1.114976E-0001  2.624794E-0001  2.139196E-0001  1.292435E-0001  1.619833E-0001  1.373199E-0001  8.298993E-0002  8.915651E-0002  6.091747E-0001  1.419506E-0001  1.202246E-0001  1.783451E-0001  1.052770E-0001  1.206839E-0001  5.715239E-0002  1.038987E-0001  1.350942E-0001  2.097430E-0001  1.586275E-0001  1.614621E-0001  1.103364E-0001  1.434580E-0001  8.273461E-0002  1.190981E-0001  7.971734E-0002  6.927329E-0002  6.650460E-0002  1.364956E-0001  1.291695E-0001  1.177959E-0001  1.390140E-0001
  2.043386E-0001  2.096515E-0001  1.537327E-0001  1.463938E-0001  5.932558E-0002  1.355889E-0001  6.731868E-0002  1.345325E-0001  1.300173E-0001  8.286953E-0002  1.757278E-0001  1.959958E-0001  1.729312E-0001  2.020903E-0001  2.537425E-0001  4.836121E-0001  3.219156E-0001  2.401607E-0001  3.885388E-0002  1.264827E-0001  0.000000E+0000  2.453918E-0001  3.513556E-0001  1.413479E-0001  1.927102E-0001  4.640317E-0002  1.305509E-0001  1.420896E-0001  1.825485E-0001  2.799187E-0001  3.564358E-0001  2.712576E-0001  1.777134E-0001  2.759056E-0001  2.855432E-0001  2.204270E-0001  2.123599E-0001  1.876662E-0001  2.399349E-0001  2.445831E-0001  2.336621E-0001  2.721996E-0001  8.871579E-0002  8.426976E-0002  8.683836E-0002  8.752322E-0002  1.327331E-0001  1.410260E-0001  1.002358E-0001  1.465101E-0001  1.017651E-0001  6.364846E-0002  1.215028E-0001  1.417832E-0001  1.040501E-0001  1.000173E-0001  1.180629E-0001  1.246409E-0001  1.344666E-0001  1.262040E-0001  2.410379E-0002  1.095743E-0001  2.095928E-0001  1.108584E-0001  1.199073E-0001  9.579587E-0002  7.286191E-0002  4.536670E-0002  1.589916E-0001  1.487629E-0001  1.050343E-0001  1.123838E-0001  1.154551E-0001  1.304073E-0001  1.230769E-0001  1.353674E-0001  1.424015E-0001  1.143803E-0001  1.291080E-0001  1.319399E-0001  1.523666E-0001  1.129472E-0001  9.635019E-0002  9.278440E-0002
  1.919260E-0001  1.698375E-0001  1.053113E-0001  1.268067E-0001  1.515689E-0001  1.435529E-0001  1.311610E-0001  1.436583E-0001  8.967447E-0002  2.155185E-0001  3.798780E-0001  2.478051E-0001  1.384635E-0001  1.637707E-0001  2.320700E-0001  3.655815E-0001  3.331070E-0001  2.454782E-0001  1.009259E-0001  1.237080E-0001  2.453918E-0001  0.000000E+0000  3.776436E-0001  1.896181E-0001  1.164970E-0001  8.105469E-0002  1.048207E-0001  6.089664E-0002  3.018870E-0001  5.882282E-0001  3.601513E-0001  1.798563E-0001  2.771502E-0001  2.289457E-0001  1.825061E-0001  2.230072E-0001  2.052526E-0001  2.309599E-0001  2.317903E-0001  2.424014E-0001  1.835554E-0001  2.511287E-0001  3.456771E-0001  3.563342E-0001  3.302186E-0001  3.032893E-0001  2.534573E-0001  1.963059E-0001  1.889286E-0001  1.853017E-0001  1.254559E-0001  2.331631E-0001  2.697947E-0001  3.778007E-0001  1.659214E-0001  1.971995E-0001  2.783928E-0001  3.020015E-0001  3.608794E-0001  3.786554E-0001  1.517816E-0001  1.216004E-0001  2.771420E-0001  2.741232E-0001  3.037028E-0001  2.382135E-0001  2.330539E-0001  1.629335E-0001  1.456800E-0001  7.221603E-0002  3.077223E-0001  2.859306E-0001  2.909212E-0001  3.369257E-0001  2.840967E-0001  3.568678E-0001  3.877244E-0001  2.992225E-0001  3.339450E-0001  3.343735E-0001  4.038932E-0001  3.664405E-0001  3.519747E-0001  2.869606E-0001
  1.959019E-0001  2.008014E-0001  1.489080E-0001  1.472888E-0001  8.363354E-0002  1.499227E-0001  8.559954E-0002  1.430614E-0001  1.062703E-0001  1.456761E-0001  4.282017E-0001  2.367897E-0001  2.153409E-0001  2.641759E-0001  3.451819E-0001  3.408718E-0001  3.364611E-0001  3.606939E-0001  4.266024E-0002  1.202317E-0001  3.513556E-0001  3.776436E-0001  0.000000E+0000  2.131648E-0001  2.776732E-0001  4.680920E-0002  1.385200E-0001  1.176791E-0001  6.359043E-0001  3.555031E-0001  4.186087E-0001  3.638396E-0001  2.349424E-0001  3.615832E-0001  3.078752E-0001  3.914447E-0001  3.304582E-0001  2.570624E-0001  2.552285E-0001  3.029957E-0001  2.192779E-0001  1.801996E-0001  2.675287E-0001  2.720252E-0001  2.531838E-0001  2.327029E-0001  1.796579E-0001  1.762007E-0001  9.993684E-0002  1.652026E-0001  1.008341E-0001  1.945150E-0001  2.458797E-0001  3.482890E-0001  1.665242E-0001  1.713463E-0001  2.082752E-0001  3.780417E-0001  4.291821E-0001  3.873410E-0001  3.124118E-0002  1.238007E-0001  3.268232E-0001  2.985034E-0001  3.418417E-0001  1.609979E-0001  1.342125E-0001  4.123902E-0002  1.698074E-0001  1.304851E-0001  3.348284E-0001  3.753991E-0001  3.789153E-0001  2.927256E-0001  3.007390E-0001  2.573636E-0001  3.089547E-0001  3.479004E-0001  3.482308E-0001  2.793303E-0001  3.741574E-0001  3.934340E-0001  3.887720E-0001  2.831411E-0001
  1.995916E-0001  1.724844E-0001  1.809119E-0001  2.076957E-0001  1.964705E-0001  2.509862E-0001  2.531970E-0001  1.241610E-0001  6.423366E-0002  8.508253E-0002  1.435874E-0001  2.173877E-0001  2.185383E-0001  2.345295E-0001  2.921529E-0001  2.291965E-0001  2.485311E-0001  2.319977E-0001  1.041698E-0001  1.188673E-0001  1.413479E-0001  1.896181E-0001  2.131648E-0001  0.000000E+0000  2.881460E-0001  1.553388E-0001  8.547449E-0002  5.574691E-0002  1.814823E-0001  2.434368E-0001  2.163887E-0001  1.927114E-0001  1.975632E-0001  2.482314E-0001  1.395679E-0001  2.169294E-0001  2.159300E-0001  2.503099E-0001  2.178727E-0001  1.998678E-0001  1.257989E-0001  1.396537E-0001  3.096747E-0001  3.051779E-0001  2.794023E-0001  2.400708E-0001  2.646250E-0001  2.453675E-0001  2.613780E-0001  1.814524E-0001  9.670353E-0002  1.982632E-0001  1.928279E-0001  2.518228E-0001  1.476614E-0001  1.842773E-0001  2.738111E-0001  2.342415E-0001  2.592933E-0001  2.787824E-0001  1.826544E-0001  1.224456E-0001  1.902599E-0001  2.450228E-0001  2.148221E-0001  3.680210E-0001  2.573543E-0001  2.083850E-0001  1.201243E-0001  6.938457E-0002  2.065297E-0001  2.197657E-0001  2.257166E-0001  3.365617E-0001  2.065779E-0001  3.521705E-0001  3.720791E-0001  2.060280E-0001  2.607615E-0001  2.657526E-0001  2.561405E-0001  2.446724E-0001  2.332522E-0001  2.078267E-0001
  2.668271E-0001  2.393804E-0001  2.174335E-0001  2.403119E-0001  2.448289E-0001  2.682118E-0001  2.329016E-0001  2.255617E-0001  7.833314E-0002  1.458230E-0001  2.371931E-0001  2.860301E-0001  1.433287E-0001  1.913996E-0001  3.196621E-0001  2.862663E-0001  2.918367E-0001  3.140626E-0001  2.017627E-0001  1.866223E-0001  1.927102E-0001  1.164970E-0001  2.776732E-0001  2.881460E-0001  0.000000E+0000  1.891484E-0001  1.650089E-0001  1.053249E-0001  2.371953E-0001  1.997433E-0001  2.193604E-0001  1.570482E-0001  2.837527E-0001  1.871185E-0001  2.223701E-0001  2.953382E-0001  2.977219E-0001  2.889106E-0001  2.680621E-0001  2.525771E-0001  1.638646E-0001  2.076571E-0001  4.514954E-0001  4.658282E-0001  4.494674E-0001  4.162066E-0001  3.130088E-0001  3.114493E-0001  3.171074E-0001  2.221265E-0001  1.129827E-0001  2.103863E-0001  1.989684E-0001  3.267443E-0001  1.623316E-0001  2.023721E-0001  2.925794E-0001  2.900078E-0001  2.924902E-0001  3.751655E-0001  2.406700E-0001  1.970557E-0001  2.107525E-0001  3.289337E-0001  2.761731E-0001  3.206034E-0001  2.984161E-0001  2.523768E-0001  1.713922E-0001  1.101704E-0001  2.553866E-0001  2.960231E-0001  2.974157E-0001  4.115081E-0001  2.083578E-0001  4.024144E-0001  5.138438E-0001  2.966561E-0001  4.040246E-0001  3.990767E-0001  3.100779E-0001  2.685623E-0001  3.025374E-0001  2.032566E-0001
  2.284160E-0001  2.241535E-0001  1.906648E-0001  2.158928E-0001  1.788187E-0001  2.028794E-0001  4.008751E-0001  1.747339E-0001  7.754445E-0002  1.026821E-0001  7.254410E-0002  1.680453E-0001  1.519828E-0001  1.835461E-0001  3.349700E-0001  8.528852E-0002  1.181950E-0001  1.822033E-0001  2.851286E-0001  1.221494E-0001  4.640317E-0002  8.105469E-0002  4.680920E-0002  1.553388E-0001  1.891484E-0001  0.000000E+0000  1.562803E-0001  9.457278E-0002  5.870450E-0002  3.381085E-0002  3.578973E-0002  1.745682E-0001  1.318876E-0001  3.782635E-0001  2.432690E-0001  1.813648E-0001  1.980088E-0001  2.240734E-0001  2.012573E-0001  1.862476E-0001  1.291697E-0001  6.796253E-0002  3.026192E-0001  3.098440E-0001  3.092103E-0001  3.076329E-0001  2.233591E-0001  2.453346E-0001  3.325043E-0001  1.646171E-0001  1.261830E-0001  1.824923E-0001  1.270369E-0001  1.796049E-0001  1.658344E-0001  1.766170E-0001  2.548474E-0001  1.374074E-0001  1.370384E-0001  1.631687E-0001  3.435812E-0001  1.499292E-0001  6.292439E-0002  2.120705E-0001  1.319840E-0001  2.076330E-0001  1.503706E-0001  2.815962E-0001  1.547968E-0001  1.121017E-0001  1.226593E-0001  1.598841E-0001  1.531639E-0001  2.281084E-0001  1.504038E-0001  3.727989E-0001  3.358097E-0001  1.530993E-0001  1.712224E-0001  1.965513E-0001  1.980944E-0001  1.837474E-0001  2.059731E-0001  1.152539E-0001
  2.094681E-0001  1.954569E-0001  1.927423E-0001  1.992316E-0001  1.220396E-0001  2.218366E-0001  1.432962E-0001  2.267580E-0001  5.348120E-0001  9.647083E-0002  1.261735E-0001  1.496727E-0001  2.365026E-0001  2.191623E-0001  1.989300E-0001  1.487556E-0001  1.499438E-0001  9.399295E-0002  1.120441E-0001  1.196827E-0001  1.305509E-0001  1.048207E-0001  1.385200E-0001  8.547449E-0002  1.650089E-0001  1.562803E-0001  0.000000E+0000  1.410160E-0001  1.334646E-0001  1.279573E-0001  1.345451E-0001  1.599078E-0001  1.520703E-0001  2.113764E-0001  1.894658E-0001  7.132578E-0002  8.639312E-0002  1.205077E-0001  1.445637E-0001  1.641769E-0001  2.157454E-0001  1.429155E-0001  1.524173E-0001  1.429021E-0001  1.567932E-0001  1.471946E-0001  1.461773E-0001  1.569867E-0001  1.192284E-0001  4.489403E-0001  1.903434E-0001  1.686642E-0001  1.062037E-0001  5.391359E-0002  2.117828E-0001  1.750916E-0001  1.212379E-0001  9.532857E-0002  8.070552E-0002  3.692174E-0002  1.061285E-0001  1.052584E-0001  1.088461E-0001  4.829419E-0002  1.206185E-0001  7.295126E-0002  1.069928E-0001  1.278373E-0001  2.627335E-0001  1.145000E-0001  2.604494E-0001  8.636129E-0002  8.975863E-0002  6.192160E-0002  1.031582E-0001  1.094788E-0001  1.616374E-0001  3.288579E-0002  4.219258E-0002  2.217972E-0002  1.255383E-0001  1.714821E-0001  1.776440E-0001  1.108843E-0001
  1.457794E-0001  1.319200E-0001  1.372943E-0001  1.452007E-0001  1.240701E-0001  1.955972E-0001  1.060400E-0001  2.076597E-0001  3.460608E-0001  1.109476E-0001  1.410689E-0001  1.170094E-0001  1.577630E-0001  1.406709E-0001  1.258849E-0001  1.226549E-0001  1.299875E-0001  5.346501E-0002  7.215285E-0002  1.286855E-0001  1.420896E-0001  6.089664E-0002  1.176791E-0001  5.574691E-0002  1.053249E-0001  9.457278E-0002  1.410160E-0001  0.000000E+0000  1.301227E-0001  9.080267E-0002  9.219122E-0002  1.075236E-0001  1.572874E-0001  1.331495E-0001  1.212166E-0001  3.772962E-0002  4.735768E-0002  8.272767E-0002  1.886663E-0001  2.270746E-0001  2.526536E-0001  1.671560E-0001  1.656023E-0001  1.502310E-0001  1.676812E-0001  1.535435E-0001  1.533825E-0001  1.510422E-0001  1.100108E-0001  3.134584E-0001  1.658807E-0001  1.462507E-0001  1.096579E-0001  8.935213E-0002  1.961411E-0001  1.806782E-0001  1.391422E-0001  1.080637E-0001  8.640099E-0002  3.720140E-0002  8.105040E-0002  7.442379E-0002  1.169227E-0001  4.952443E-0002  1.411090E-0001  6.565559E-0002  1.113170E-0001  1.084206E-0001  1.605148E-0001  3.068771E-0001  2.921610E-0001  9.838998E-0002  1.030454E-0001  6.530952E-0002  1.199876E-0001  1.036947E-0001  1.667838E-0001  3.589725E-0002  4.315710E-0002  3.564405E-0002  2.270031E-0001  3.461170E-0001  2.200012E-0001  1.303861E-0001
  1.969011E-0001  1.998291E-0001  1.545572E-0001  1.517403E-0001  7.655561E-0002  1.498227E-0001  8.638418E-0002  1.372347E-0001  1.205604E-0001  1.040272E-0001  2.161465E-0001  2.507510E-0001  2.036109E-0001  2.386496E-0001  2.992175E-0001  4.200029E-0001  3.274612E-0001  2.962887E-0001  4.976225E-0002  1.278297E-0001  1.825485E-0001  3.018870E-0001  6.359043E-0001  1.814823E-0001  2.371953E-0001  5.870450E-0002  1.334646E-0001  1.301227E-0001  0.000000E+0000  3.420887E-0001  3.832016E-0001  3.132429E-0001  2.735033E-0001  3.155730E-0001  2.759268E-0001  2.722645E-0001  2.670653E-0001  2.505593E-0001  2.562585E-0001  3.031015E-0001  2.179656E-0001  2.583542E-0001  1.747384E-0001  1.735182E-0001  1.614950E-0001  1.502361E-0001  1.643606E-0001  1.598349E-0001  1.050673E-0001  1.615446E-0001  9.521341E-0002  1.424737E-0001  2.106867E-0001  2.397003E-0001  1.412661E-0001  1.380301E-0001  1.638937E-0001  2.542210E-0001  2.894297E-0001  2.568383E-0001  2.782065E-0002  1.175436E-0001  2.967777E-0001  2.004733E-0001  2.393656E-0001  1.305873E-0001  9.435058E-0002  4.482204E-0002  1.654010E-0001  1.404397E-0001  2.647872E-0001  2.381077E-0001  2.414122E-0001  2.041740E-0001  2.474856E-0001  1.843543E-0001  2.221057E-0001  2.186561E-0001  2.427516E-0001  2.267435E-0001  2.658625E-0001  2.860432E-0001  3.065362E-0001  2.299585E-0001
