6661999 = Ignore first line (new format code)
File name: C:\Users\sxv140030\Desktop\Data_DR._V\EEG\ADRIAENSENS_ANNA_NBN_LI_128_ICON-ROIlinLagConn.txt
1 = Number of time frames in Time X Frequency decomposition
142 = Number of EEG files
84 = Number Electrodes
256 = Number of time frames in EEG files
256 = Number of time frames in EEG files power of 2
5 = Number of matrices
5 = Band type (1=Classical1; 2=Classical2; 3=DiscreteFreqs; 4=AllDiscreteFreqs; 5=UserDefinedBands)
 1.280000E+0002 = Sampling rate Hz
-1.000000E+0002 = Freq1 Hz
-1.000000E+0002 = Freq2 Hz
 5.000000E-0001 = Frequency resolution Hz

  0.000000E+0000  1.226272E-0001  3.899536E-0001  5.376272E-0001  4.734421E-0002  5.170803E-0001  1.454613E-0001  9.808683E-0002  9.244311E-0002  1.730150E-0001  1.755812E-0001  2.502112E-0001  1.667720E-0001  1.672351E-0001  1.896269E-0001  1.482937E-0001  1.584330E-0001  1.606560E-0001  6.250477E-0002  2.028852E-0001  1.713719E-0001  1.553123E-0001  1.395133E-0001  9.453499E-0002  1.338270E-0001  7.701468E-0002  1.295502E-0001  1.068119E-0001  1.362653E-0001  1.484253E-0001  1.452432E-0001  9.904671E-0002  2.180734E-0001  2.416930E-0001  2.889681E-0001  1.352639E-0001  1.869841E-0001  2.953033E-0001  2.656994E-0001  2.479341E-0001  3.047659E-0001  1.719027E-0001  1.312306E-0001  1.295593E-0001  1.117234E-0001  9.609437E-0002  4.559803E-0002  1.223015E-0001  9.363675E-0002  9.957957E-0002  8.506514E-0002  4.530871E-0002  4.115742E-0002  4.465282E-0002  1.392308E-0001  1.166156E-0001  9.704250E-0002  7.224005E-0002  1.708009E-0001  1.610167E-0001  6.162345E-0002  1.494408E-0001  9.173942E-0002  8.889461E-0002  1.082489E-0001  6.918919E-0002  6.273401E-0002  7.330775E-0002  6.951141E-0002  9.005052E-0002  1.173642E-0001  8.884525E-0002  7.772279E-0002  1.576685E-0001  5.542564E-0002  1.664155E-0001  1.217453E-0001  1.311374E-0001  2.144854E-0001  1.368886E-0001  6.429183E-0002  5.161870E-0002  9.612906E-0002  5.021048E-0002
  1.226272E-0001  0.000000E+0000  9.070797E-0001  8.678379E-0001  6.768608E-0002  4.588366E-0001  1.561406E-0001  9.294462E-0002  8.603537E-0002  1.505897E-0001  1.539285E-0001  2.343917E-0001  1.639219E-0001  1.656158E-0001  1.900952E-0001  1.288092E-0001  1.391807E-0001  1.604872E-0001  7.533741E-0002  1.748848E-0001  1.511115E-0001  1.421661E-0001  1.265523E-0001  1.033752E-0001  1.473792E-0001  9.680343E-0002  1.212450E-0001  9.854823E-0002  1.268926E-0001  1.304941E-0001  1.253948E-0001  1.053803E-0001  1.774368E-0001  2.119386E-0001  3.777905E-0001  1.248731E-0001  2.088847E-0001  2.639327E-0001  2.124796E-0001  2.045050E-0001  2.433043E-0001  1.519749E-0001  1.127858E-0001  1.125638E-0001  9.931493E-0002  8.780694E-0002  4.720259E-0002  1.050465E-0001  9.399003E-0002  9.367371E-0002  7.800788E-0002  4.340512E-0002  3.874451E-0002  3.600311E-0002  1.346040E-0001  1.144904E-0001  9.155434E-0002  6.520498E-0002  1.275914E-0001  1.230994E-0001  6.777120E-0002  1.293297E-0001  8.529699E-0002  8.173215E-0002  9.532654E-0002  7.313585E-0002  6.717718E-0002  7.717550E-0002  6.880033E-0002  8.560646E-0002  1.030073E-0001  8.162761E-0002  7.310033E-0002  1.391751E-0001  4.467982E-0002  1.515104E-0001  1.077731E-0001  1.120683E-0001  1.636330E-0001  1.048860E-0001  5.000472E-0002  4.327869E-0002  8.386552E-0002  4.327810E-0002
  3.899536E-0001  9.070797E-0001  0.000000E+0000  1.592178E-0001  1.177005E-0001  2.374306E-0001  1.538944E-0001  9.374046E-0002  8.991456E-0002  1.224670E-0001  1.293479E-0001  1.754670E-0001  1.403006E-0001  1.391232E-0001  1.483920E-0001  9.599304E-0002  9.573901E-0002  1.177997E-0001  1.074543E-0001  2.197371E-0001  1.321671E-0001  1.127934E-0001  8.554697E-0002  1.038645E-0001  1.276871E-0001  1.299109E-0001  9.795809E-0002  7.075810E-0002  8.570218E-0002  9.286845E-0002  8.833265E-0002  8.237243E-0002  1.464758E-0001  1.435770E-0001  3.382292E-0001  1.066734E-0001  1.539335E-0001  1.746445E-0001  1.726937E-0001  1.700184E-0001  1.844537E-0001  1.216241E-0001  1.381319E-0001  1.349323E-0001  1.228163E-0001  1.096258E-0001  9.046030E-0002  1.378841E-0001  1.316330E-0001  6.536913E-0002  6.378624E-0002  4.713404E-0002  4.230571E-0002  4.276240E-0002  1.141144E-0001  9.585381E-0002  9.253874E-0002  6.663883E-0002  1.289071E-0001  1.357211E-0001  9.519911E-0002  1.647038E-0001  6.958079E-0002  7.196045E-0002  7.269204E-0002  8.172405E-0002  7.460684E-0002  1.145570E-0001  4.954052E-0002  5.500209E-0002  8.785367E-0002  5.845356E-0002  5.100822E-0002  1.351282E-0001  4.463148E-0002  1.592671E-0001  1.249420E-0001  1.218200E-0001  1.696200E-0001  1.241283E-0001  6.328464E-0002  4.752886E-0002  8.211255E-0002  4.490685E-0002
  5.376272E-0001  8.678379E-0001  1.592178E-0001  0.000000E+0000  1.061692E-0001  3.546963E-0001  1.492956E-0001  1.010956E-0001  1.091558E-0001  1.424811E-0001  1.510336E-0001  1.979847E-0001  1.496135E-0001  1.483899E-0001  1.584337E-0001  1.140749E-0001  1.172263E-0001  1.353884E-0001  9.764647E-0002  2.417793E-0001  1.602314E-0001  1.256711E-0001  9.526205E-0002  1.041313E-0001  1.314483E-0001  1.203196E-0001  9.771085E-0002  7.557392E-0002  9.381151E-0002  1.059949E-0001  1.024777E-0001  8.402634E-0002  1.739502E-0001  1.531144E-0001  3.965602E-0001  1.091818E-0001  1.738000E-0001  2.151208E-0001  2.051892E-0001  1.982396E-0001  2.200947E-0001  1.382738E-0001  1.356528E-0001  1.290907E-0001  1.151592E-0001  9.964609E-0002  8.688879E-0002  1.382337E-0001  1.282825E-0001  7.212830E-0002  6.581774E-0002  4.040039E-0002  4.306591E-0002  4.956186E-0002  1.265008E-0001  1.078330E-0001  9.693763E-0002  6.272519E-0002  1.397178E-0001  1.421235E-0001  8.719802E-0002  1.527472E-0001  8.139968E-0002  6.755149E-0002  7.691467E-0002  7.957900E-0002  7.557631E-0002  1.065301E-0001  4.489160E-0002  5.996263E-0002  9.498107E-0002  5.681431E-0002  4.850054E-0002  1.351826E-0001  5.556309E-0002  1.558359E-0001  1.188192E-0001  1.191952E-0001  1.795480E-0001  1.356412E-0001  7.534468E-0002  5.553651E-0002  8.866894E-0002  5.383652E-0002
  4.734421E-0002  6.768608E-0002  1.177005E-0001  1.061692E-0001  0.000000E+0000  8.709764E-0002  1.365461E-0001  1.044831E-0001  4.664665E-0002  6.352687E-0002  8.754945E-0002  8.805597E-0002  8.087999E-0002  7.899559E-0002  7.048106E-0002  7.408687E-0002  7.691097E-0002  7.594436E-0002  6.248713E-0002  8.696127E-0002  9.908354E-0002  6.710446E-0002  8.605921E-0002  5.115247E-0002  6.254435E-0002  6.070185E-0002  8.213449E-0002  8.661717E-0002  1.016485E-0001  7.458520E-0002  6.924623E-0002  2.928090E-0002  9.271765E-0002  6.151509E-0002  4.816437E-0002  6.938255E-0002  7.423496E-0002  6.754375E-0002  9.025598E-0002  9.462780E-0002  8.886474E-0002  1.007338E-0001  3.724289E-0002  3.905714E-0002  3.116369E-0002  3.050995E-0002  2.980042E-0002  4.867506E-0002  1.069130E-0001  1.128511E-0001  9.086174E-0002  4.746455E-0002  3.831309E-0002  4.095238E-0002  6.956595E-0002  6.340897E-0002  5.742657E-0002  4.144073E-0002  7.524920E-0002  5.845225E-0002  5.055785E-0002  7.407236E-0002  8.305526E-0002  3.263724E-0002  6.317228E-0002  4.192919E-0002  4.998261E-0002  7.082939E-0002  6.345630E-0002  8.849943E-0002  7.633418E-0002  3.770274E-0002  3.204066E-0002  5.285357E-0002  5.477554E-0002  6.550026E-0002  2.907443E-0002  4.358353E-0002  6.044179E-0002  4.457414E-0002  4.311383E-0002  5.021071E-0002  5.807030E-0002  5.166817E-0002
  5.170803E-0001  4.588366E-0001  2.374306E-0001  3.546963E-0001  8.709764E-0002  0.000000E+0000  1.371248E-0001  2.455668E-0001  1.627650E-0001  2.312095E-0001  2.587838E-0001  2.795734E-0001  1.401057E-0001  1.420608E-0001  1.607091E-0001  1.505526E-0001  1.615394E-0001  1.859519E-0001  9.484100E-0002  1.698294E-0001  2.421718E-0001  1.284487E-0001  1.160962E-0001  9.569526E-0002  1.266400E-0001  1.112411E-0001  1.432304E-0001  1.178989E-0001  1.122727E-0001  1.228188E-0001  1.209090E-0001  8.951157E-0002  2.167404E-0001  1.515076E-0001  2.886710E-0001  1.414413E-0001  2.256196E-0001  4.462466E-0001  2.654400E-0001  2.340496E-0001  2.507713E-0001  1.827512E-0001  1.231613E-0001  1.182271E-0001  1.121363E-0001  1.037814E-0001  9.085655E-0002  1.534243E-0001  1.157857E-0001  1.022596E-0001  8.897322E-0002  6.452751E-0002  6.743848E-0002  6.739426E-0002  1.137844E-0001  9.248519E-0002  8.140507E-0002  6.752706E-0002  1.736983E-0001  1.613635E-0001  8.046520E-0002  1.459031E-0001  1.062958E-0001  7.649779E-0002  9.733534E-0002  7.125515E-0002  5.940402E-0002  9.321749E-0002  5.626321E-0002  8.019662E-0002  1.157269E-0001  6.955898E-0002  5.834830E-0002  1.323653E-0001  8.926129E-0002  1.428013E-0001  1.102758E-0001  1.237344E-0001  2.016016E-0001  1.541928E-0001  1.164348E-0001  9.854054E-0002  1.235368E-0001  8.070505E-0002
  1.454613E-0001  1.561406E-0001  1.538944E-0001  1.492956E-0001  1.365461E-0001  1.371248E-0001  0.000000E+0000  1.238406E-0001  8.228678E-0002  1.309505E-0001  1.435674E-0001  1.567385E-0001  9.696269E-0002  9.968328E-0002  1.050567E-0001  1.401133E-0001  1.216605E-0001  1.325917E-0001  1.470752E-0001  1.196277E-0001  1.306277E-0001  1.664023E-0001  1.397164E-0001  1.132373E-0001  1.225814E-0001  1.494055E-0001  1.261883E-0001  1.156731E-0001  1.326337E-0001  1.497079E-0001  1.559123E-0001  7.253718E-0002  1.189452E-0001  1.443596E-0001  1.826854E-0001  1.529860E-0001  1.273572E-0001  1.487135E-0001  1.441512E-0001  1.401396E-0001  1.675554E-0001  1.220027E-0001  7.377613E-0002  6.862688E-0002  7.365656E-0002  7.404673E-0002  4.368877E-0002  1.027302E-0001  1.086101E-0001  1.608604E-0001  9.000441E-0002  6.037608E-0002  5.298629E-0002  6.170589E-0002  7.119441E-0002  6.116509E-0002  6.588507E-0002  5.136794E-0002  1.194885E-0001  9.153199E-0002  8.482933E-0002  1.152477E-0001  9.398806E-0002  8.749437E-0002  1.142805E-0001  7.420254E-0002  4.459107E-0002  3.912497E-0002  9.123875E-0002  1.111584E-0001  1.133915E-0001  9.094456E-0002  7.856590E-0002  8.341277E-0002  6.257096E-0002  9.228873E-0002  4.217744E-0002  8.102158E-0002  1.044450E-0001  8.101261E-0002  6.542647E-0002  5.909178E-0002  6.823590E-0002  5.155709E-0002
  9.808683E-0002  9.294462E-0002  9.374046E-0002  1.010956E-0001  1.044831E-0001  2.455668E-0001  1.238406E-0001  0.000000E+0000  6.234875E-0001  4.555168E-0001  4.319439E-0001  1.121370E-0001  7.900108E-0002  8.298302E-0002  1.035998E-0001  9.485435E-0002  1.098499E-0001  1.293635E-0001  4.796457E-0002  5.868292E-0002  1.809711E-0001  5.111361E-0002  8.010054E-0002  3.247035E-0002  6.300384E-0002  8.354557E-0002  1.520214E-0001  1.219339E-0001  1.037771E-0001  6.052709E-0002  6.120181E-0002  6.954944E-0002  6.836462E-0001  9.266603E-0002  9.892261E-0002  9.505129E-0002  1.403365E-0001  1.246640E-0001  1.625915E-0001  5.836053E-0001  3.876858E-0001  7.688251E-0001  6.757224E-0002  5.758548E-0002  5.900455E-0002  5.180573E-0002  8.438015E-0002  1.503849E-0001  1.140782E-0001  1.728935E-0001  1.373351E-0001  3.015599E-0001  2.241712E-0001  5.499554E-0002  7.261899E-0002  7.110457E-0002  7.767045E-0002  5.021316E-0002  8.374625E-0002  7.875699E-0002  3.766990E-0002  7.013750E-0002  1.164500E-0001  1.853442E-0002  4.943693E-0002  2.017057E-0002  3.367186E-0002  6.574655E-0002  1.351328E-0001  1.129822E-0001  6.056952E-0002  3.143001E-0002  3.240240E-0002  5.814660E-0002  7.580090E-0002  9.721635E-0002  6.580719E-0002  4.928905E-0002  9.774357E-0002  8.954662E-0002  1.005524E-0001  1.097676E-0001  1.407325E-0001  1.165733E-0001
  9.244311E-0002  8.603537E-0002  8.991456E-0002  1.091558E-0001  4.664665E-0002  1.627650E-0001  8.228678E-0002  6.234875E-0001  0.000000E+0000  3.580399E-0001  2.384233E-0001  1.459162E-0001  9.629166E-0002  9.311257E-0002  9.141594E-0002  1.609674E-0001  1.453571E-0001  1.436191E-0001  8.332968E-0002  1.036543E-0001  1.733093E-0001  1.908674E-0001  2.058859E-0001  9.180605E-0002  9.927082E-0002  8.532274E-0002  2.860184E-0001  2.068472E-0001  2.142937E-0001  1.957698E-0001  1.919003E-0001  8.913088E-0002  2.060142E-0001  7.610959E-0002  9.518427E-0002  1.575871E-0001  1.447484E-0001  1.321878E-0001  1.183533E-0001  1.835594E-0001  4.698772E-0001  2.672462E-0001  6.654906E-0002  6.185734E-0002  4.407907E-0002  3.252149E-0002  4.535288E-0002  5.611539E-0002  7.015908E-0002  6.479216E-0002  1.040811E-0001  1.378832E-0001  1.408253E-0001  5.150235E-0002  1.036323E-0001  1.021828E-0001  9.415159E-0002  4.101908E-0002  5.738950E-0002  4.690659E-0002  7.522631E-0002  5.505776E-0002  2.176247E-0001  3.871655E-0002  7.578182E-0002  7.062316E-0002  7.676160E-0002  7.646859E-0002  1.881037E-0001  2.573042E-0001  1.111350E-0001  4.335952E-0002  4.129434E-0002  3.816545E-0002  1.579442E-0001  8.477306E-0002  7.034612E-0002  3.179777E-0002  4.852831E-0002  6.073153E-0002  7.919216E-0002  9.235907E-0002  1.253386E-0001  1.407938E-0001
  1.730150E-0001  1.505897E-0001  1.224670E-0001  1.424811E-0001  6.352687E-0002  2.312095E-0001  1.309505E-0001  4.555168E-0001  3.580399E-0001  0.000000E+0000  1.855011E-0001  3.186741E-0001  1.268595E-0001  1.206968E-0001  1.198025E-0001  3.699121E-0001  2.673221E-0001  1.607103E-0001  4.531741E-0002  1.188573E-0001  3.163996E-0001  5.912232E-0002  3.936267E-0001  6.236339E-0002  8.669937E-0002  8.312422E-0002  3.659239E-0001  1.940103E-0001  4.255753E-0001  1.160512E-0001  1.306229E-0001  6.945992E-0002  1.398344E-0001  1.263978E-0001  1.522575E-0001  1.268001E-0001  1.752915E-0001  3.237615E-0001  3.148146E-0001  2.006922E-0001  2.831106E-0001  1.331949E-0001  1.434430E-0001  1.333426E-0001  1.131188E-0001  9.480309E-0002  5.811536E-0002  2.116752E-0001  1.036286E-0001  3.472638E-0001  7.747078E-0002  2.410831E-0001  8.614216E-0001  9.690201E-0002  1.317191E-0001  1.305163E-0001  1.422059E-0001  5.120587E-0002  9.663939E-0002  1.038138E-0001  5.319226E-0002  1.392069E-0001  3.899326E-0001  3.055692E-0002  7.464266E-0002  5.624944E-0002  8.317566E-0002  7.318276E-0002  2.650166E-0001  2.013192E-0001  1.502404E-0001  3.249168E-0002  3.537941E-0002  8.872986E-0002  4.074221E-0001  1.610355E-0001  1.275685E-0001  8.183873E-0002  1.246368E-0001  1.373868E-0001  1.444430E-0001  1.289206E-0001  9.641361E-0002  3.910360E-0001
  1.755812E-0001  1.539285E-0001  1.293479E-0001  1.510336E-0001  8.754945E-0002  2.587838E-0001  1.435674E-0001  4.319439E-0001  2.384233E-0001  1.855011E-0001  0.000000E+0000  3.952231E-0001  1.201008E-0001  1.174660E-0001  1.259482E-0001  4.794884E-0001  2.862124E-0001  1.564710E-0001  6.469727E-0002  1.163063E-0001  7.544041E-0001  5.703282E-0002  5.727167E-0001  6.748509E-0002  9.188801E-0002  1.066739E-0001  4.997015E-0001  1.361651E-0001  7.811985E-0001  1.092710E-0001  1.015811E-0001  5.862284E-0002  3.828506E-0001  1.252064E-0001  1.514998E-0001  1.172432E-0001  1.740079E-0001  3.252959E-0001  8.102264E-0001  5.495911E-0001  3.621216E-0001  3.324623E-0001  1.343870E-0001  1.257920E-0001  1.085411E-0001  8.940816E-0002  7.538867E-0002  1.537766E-0001  1.146921E-0001  6.695461E-0002  6.515265E-0002  2.089176E-0001  1.270569E+0000  9.302616E-0002  1.201520E-0001  1.192500E-0001  1.374559E-0001  4.776013E-0002  1.028301E-0001  9.565055E-0002  7.208914E-0002  9.212542E-0002  6.464243E-0001  2.768028E-0002  7.773972E-0002  5.914712E-0002  8.182129E-0002  9.449488E-0002  3.317842E-0001  1.422715E-0001  1.877127E-0001  3.051543E-0002  3.145301E-0002  7.042456E-0002  4.676132E-0001  1.548178E-0001  1.215876E-0001  6.333637E-0002  1.111571E-0001  1.376518E-0001  1.477373E-0001  1.208748E-0001  6.856060E-0002  5.306854E-0001
  2.502112E-0001  2.343917E-0001  1.754670E-0001  1.979847E-0001  8.805597E-0002  2.795734E-0001  1.567385E-0001  1.121370E-0001  1.459162E-0001  3.186741E-0001  3.952231E-0001  0.000000E+0000  1.530458E-0001  1.474600E-0001  1.577611E-0001  4.138765E-0001  4.230957E-0001  2.260208E-0001  6.387377E-0002  9.651566E-0002  3.054776E-0001  1.405954E-0001  2.076797E-0001  9.138703E-0002  1.240481E-0001  1.060372E-0001  1.662898E-0001  1.982794E-0001  2.042589E-0001  2.892122E-0001  3.239985E-0001  1.331604E-0001  3.005314E-0001  1.786768E-0001  2.448783E-0001  1.659794E-0001  2.866287E-0001  3.035164E-0001  3.068352E-0001  2.800369E-0001  2.532678E-0001  2.000170E-0001  1.491461E-0001  1.402025E-0001  1.170148E-0001  9.651649E-0002  6.108701E-0002  1.519107E-0001  1.153109E-0001  1.082487E-0001  2.344203E-0002  5.378997E-0002  7.586300E-0002  9.499884E-0002  1.523988E-0001  1.392282E-0001  1.257320E-0001  7.015550E-0002  1.187133E-0001  1.444759E-0001  6.156039E-0002  7.458735E-0002  1.589646E-0001  6.479788E-0002  8.095598E-0002  7.498980E-0002  8.743119E-0002  7.411224E-0002  9.644282E-0002  1.456385E-0001  1.172118E-0001  6.061745E-0002  6.129074E-0002  1.586714E-0001  8.747149E-0002  1.646777E-0001  1.221826E-0001  1.317351E-0001  1.788442E-0001  1.585662E-0001  7.513452E-0002  3.184485E-0002  3.753996E-0002  9.952736E-0002
  1.667720E-0001  1.639219E-0001  1.403006E-0001  1.496135E-0001  8.087999E-0002  1.401057E-0001  9.696269E-0002  7.900108E-0002  9.629166E-0002  1.268595E-0001  1.201008E-0001  1.530458E-0001  0.000000E+0000  2.683029E-0001  3.107004E-0001  1.334332E-0001  1.210637E-0001  1.217607E-0001  1.211979E-0001  1.195584E-0001  1.191123E-0001  1.652775E-0001  9.962523E-0002  1.489401E-0001  1.369257E-0001  7.026315E-0002  1.274426E-0001  9.385362E-0002  9.797084E-0002  1.256082E-0001  1.502557E-0001  1.711359E-0001  1.128464E-0001  2.011714E-0001  1.464869E-0001  1.542407E-0001  1.200739E-0001  1.478060E-0001  1.448346E-0001  1.341946E-0001  1.271272E-0001  9.677351E-0002  1.314496E-0001  1.161490E-0001  1.348763E-0001  1.285254E-0001  7.814974E-0002  1.437084E-0001  8.002973E-0002  6.473660E-0002  6.099892E-0002  7.712263E-0002  9.606811E-0002  8.619177E-0002  1.131544E-0001  8.336926E-0002  9.508753E-0002  1.359591E-0001  1.401675E-0001  1.651332E-0001  1.016225E-0001  1.173408E-0001  1.437609E-0001  1.380564E-0001  1.342583E-0001  1.315713E-0001  8.615685E-0002  6.967473E-0002  1.126275E-0001  9.741065E-0002  1.317852E-0001  1.334894E-0001  1.277570E-0001  1.388769E-0001  9.824616E-0002  1.170680E-0001  6.533599E-0002  1.386236E-0001  1.595353E-0001  1.501701E-0001  9.858072E-0002  8.938795E-0002  1.140756E-0001  1.053667E-0001
  1.672351E-0001  1.656158E-0001  1.391232E-0001  1.483899E-0001  7.899559E-0002  1.420608E-0001  9.968328E-0002  8.298302E-0002  9.311257E-0002  1.206968E-0001  1.174660E-0001  1.474600E-0001  2.683029E-0001  0.000000E+0000  3.796711E-0001  1.239051E-0001  1.157083E-0001  1.169433E-0001  1.128475E-0001  1.208075E-0001  1.133699E-0001  1.793480E-0001  1.001712E-0001  1.504478E-0001  1.525373E-0001  6.048298E-0002  1.244272E-0001  9.281248E-0002  9.210837E-0002  1.330004E-0001  1.568458E-0001  1.732011E-0001  1.044845E-0001  2.196908E-0001  1.558034E-0001  1.475712E-0001  1.171324E-0001  1.403297E-0001  1.399952E-0001  1.308758E-0001  1.256387E-0001  9.161490E-0002  1.262465E-0001  1.114963E-0001  1.279429E-0001  1.209458E-0001  7.517621E-0002  1.403326E-0001  7.885468E-0002  6.951338E-0002  6.230995E-0002  7.140641E-0002  8.576959E-0002  7.854691E-0002  1.377058E-0001  9.879494E-0002  9.653282E-0002  1.132049E-0001  1.268870E-0001  1.425755E-0001  9.021568E-0002  1.162228E-0001  1.333923E-0001  1.325020E-0001  1.314240E-0001  1.242618E-0001  7.705069E-0002  6.233513E-0002  1.093883E-0001  9.693211E-0002  1.259558E-0001  1.307003E-0001  1.237068E-0001  1.182620E-0001  8.573228E-0002  1.138513E-0001  6.557691E-0002  1.243604E-0001  1.452531E-0001  1.314090E-0001  8.546358E-0002  7.736933E-0002  1.035333E-0001  9.360683E-0002
  1.896269E-0001  1.900952E-0001  1.483920E-0001  1.584337E-0001  7.048106E-0002  1.607091E-0001  1.050567E-0001  1.035998E-0001  9.141594E-0002  1.198025E-0001  1.259482E-0001  1.577611E-0001  3.107004E-0001  3.796711E-0001  0.000000E+0000  1.267228E-0001  1.393318E-0001  1.401401E-0001  9.269667E-0002  1.234420E-0001  1.270101E-0001  1.922450E-0001  1.213356E-0001  1.164188E-0001  1.268883E-0001  4.509592E-0002  1.257519E-0001  1.028369E-0001  1.058893E-0001  1.539507E-0001  1.607482E-0001  1.247901E-0001  1.143848E-0001  2.291012E-0001  2.064881E-0001  1.491032E-0001  1.446847E-0001  1.581927E-0001  1.634276E-0001  1.588974E-0001  1.677028E-0001  1.096872E-0001  1.069482E-0001  9.449241E-0002  1.047652E-0001  9.770718E-0002  5.942249E-0002  1.241699E-0001  6.051934E-0002  9.529737E-0002  8.208328E-0002  5.731162E-0002  6.252262E-0002  6.951380E-0002  1.626835E-0001  1.122183E-0001  8.749604E-0002  6.935298E-0002  1.014462E-0001  1.016503E-0001  6.369853E-0002  1.124770E-0001  1.195117E-0001  1.135168E-0001  1.299671E-0001  8.703756E-0002  5.425501E-0002  4.476833E-0002  1.066058E-0001  1.073477E-0001  1.226987E-0001  1.203119E-0001  1.093460E-0001  9.324467E-0002  7.385311E-0002  9.420156E-0002  5.714500E-0002  9.680420E-0002  1.137529E-0001  1.022857E-0001  6.816560E-0002  6.081611E-0002  8.892152E-0002  7.685617E-0002
  1.482937E-0001  1.288092E-0001  9.599304E-0002  1.140749E-0001  7.408687E-0002  1.505526E-0001  1.401133E-0001  9.485435E-0002  1.609674E-0001  3.699121E-0001  4.794884E-0001  4.138765E-0001  1.334332E-0001  1.239051E-0001  1.267228E-0001  0.000000E+0000  2.348385E-0001  3.027945E-0001  3.795433E-0002  9.509420E-0002  2.661395E-0001  1.266098E-0001  4.505625E-0001  7.764292E-0002  9.812355E-0002  7.622313E-0002  1.541677E-0001  1.868253E-0001  3.924084E-0001  1.887693E-0001  1.390629E-0001  1.331334E-0001  6.182060E-0001  1.567185E-0001  1.525915E-0001  2.187557E-0001  3.450365E-0001  2.339220E-0001  4.897261E-0001  6.338634E-0001  4.925785E-0001  4.396563E-0001  1.190899E-0001  1.118064E-0001  9.145427E-0002  7.636774E-0002  5.557224E-0002  1.257982E-0001  1.058397E-0001  1.324730E-0001  4.857731E-0002  5.455375E-0002  7.603502E-0002  1.410179E-0001  1.443402E-0001  1.375839E-0001  1.292654E-0001  8.235502E-0002  9.998846E-0002  1.323822E-0001  4.981709E-0002  7.204080E-0002  1.288438E-0001  6.437874E-0002  9.174299E-0002  6.842804E-0002  9.031510E-0002  6.621975E-0002  8.224106E-0002  1.212122E-0001  1.106572E-0001  7.024097E-0002  7.335711E-0002  1.312892E-0001  1.013774E-0001  1.436138E-0001  1.063659E-0001  1.268203E-0001  1.529951E-0001  1.443586E-0001  8.742666E-0002  2.395916E-0002  2.681017E-0002  1.014418E-0001
  1.584330E-0001  1.391807E-0001  9.573901E-0002  1.172263E-0001  7.691097E-0002  1.615394E-0001  1.216605E-0001  1.098499E-0001  1.453571E-0001  2.673221E-0001  2.862124E-0001  4.230957E-0001  1.210637E-0001  1.157083E-0001  1.393318E-0001  2.348385E-0001  0.000000E+0000  3.121109E-0001  3.638840E-0002  1.177470E-0001  1.901264E-0001  1.348591E-0001  2.324944E-0001  6.634259E-0002  9.225988E-0002  6.324112E-0002  1.484613E-0001  1.622353E-0001  2.002420E-0001  1.902866E-0001  1.731853E-0001  2.364321E-0001  3.509560E-0001  2.011538E-0001  1.610363E-0001  2.398024E-0001  3.129139E-0001  2.450733E-0001  4.321690E-0001  4.695807E-0001  3.710880E-0001  2.982416E-0001  1.507407E-0001  1.386805E-0001  1.173902E-0001  9.960294E-0002  5.715619E-0002  1.485761E-0001  9.177011E-0002  4.746003E-0001  5.682659E-0002  7.467937E-0002  1.037859E-0001  1.160883E-0001  1.228891E-0001  1.156769E-0001  1.173050E-0001  5.352092E-0002  9.542942E-0002  1.141262E-0001  4.187799E-0002  1.036317E-0001  1.113901E-0001  6.826019E-0002  9.851170E-0002  5.431330E-0002  6.613314E-0002  5.619800E-0002  9.272671E-0002  1.018719E-0001  1.121263E-0001  7.260513E-0002  6.545949E-0002  1.139988E-0001  1.166749E-0001  1.390453E-0001  1.189391E-0001  1.037647E-0001  1.378675E-0001  1.515102E-0001  1.251206E-0001  5.718374E-0002  4.308414E-0002  1.185379E-0001
  1.606560E-0001  1.604872E-0001  1.177997E-0001  1.353884E-0001  7.594436E-0002  1.859519E-0001  1.325917E-0001  1.293635E-0001  1.436191E-0001  1.607103E-0001  1.564710E-0001  2.260208E-0001  1.217607E-0001  1.169433E-0001  1.401401E-0001  3.027945E-0001  3.121109E-0001  0.000000E+0000  5.850804E-0002  1.129946E-0001  1.287227E-0001  1.726208E-0001  1.758728E-0001  9.127080E-0002  1.056308E-0001  7.648975E-0002  1.394827E-0001  1.317863E-0001  1.426601E-0001  1.927118E-0001  2.263103E-0001  2.897820E-0001  1.861563E-0001  2.085717E-0001  1.927953E-0001  3.182783E-0001  5.980797E-0001  1.345253E-0001  1.995993E-0001  1.905751E-0001  1.522484E-0001  1.560574E-0001  1.384056E-0001  1.328844E-0001  1.117104E-0001  9.682155E-0002  4.772042E-0002  1.340892E-0001  9.239897E-0002  1.654835E-0001  7.686758E-0002  9.138942E-0002  1.129975E-0001  1.064677E-0001  1.234664E-0001  1.113556E-0001  9.227327E-0002  7.643414E-0002  1.184413E-0001  1.357808E-0001  6.063867E-0002  9.649086E-0002  9.749627E-0002  9.029126E-0002  9.504390E-0002  7.877743E-0002  7.400000E-0002  6.390798E-0002  1.201887E-0001  1.082069E-0001  1.061158E-0001  8.419609E-0002  7.614207E-0002  1.181662E-0001  1.043887E-0001  1.268729E-0001  1.208565E-0001  1.195280E-0001  1.481667E-0001  1.543062E-0001  9.870529E-0002  4.512405E-0002  6.243896E-0002  1.123962E-0001
  6.250477E-0002  7.533741E-0002  1.074543E-0001  9.764647E-0002  6.248713E-0002  9.484100E-0002  1.470752E-0001  4.796457E-0002  8.332968E-0002  4.531741E-0002  6.469727E-0002  6.387377E-0002  1.211979E-0001  1.128475E-0001  9.269667E-0002  3.795433E-0002  3.638840E-0002  5.850804E-0002  0.000000E+0000  7.740045E-0002  9.324336E-0002  3.300333E-0002  6.379509E-0002  6.492901E-0002  9.335089E-0002  1.840801E-0001  1.034365E-0001  9.887922E-0002  8.503580E-0002  4.306412E-0002  3.417826E-0002  4.618859E-0002  7.758987E-0002  5.643940E-0002  7.691360E-0002  7.750177E-0002  6.421363E-0002  6.094098E-0002  7.881927E-0002  8.790052E-0002  8.786666E-0002  8.119667E-0002  7.698917E-0002  7.321906E-0002  6.365705E-0002  5.870008E-0002  6.259274E-0002  7.354259E-0002  1.258373E-0001  9.162116E-0002  6.464535E-0002  6.206214E-0002  6.254554E-0002  5.982113E-0002  1.246860E-0001  1.304995E-0001  1.429083E-0001  7.594991E-0002  5.881453E-0002  6.697321E-0002  1.049785E-0001  8.471990E-0002  9.242797E-0002  6.508398E-0002  6.897831E-0002  6.210804E-0002  1.279459E-0001  1.323509E-0001  8.872843E-0002  1.042556E-0001  5.846596E-0002  7.809973E-0002  8.230400E-0002  1.067457E-0001  4.552054E-0002  1.171280E-0001  6.981862E-0002  8.337998E-0002  5.927682E-0002  6.587970E-0002  5.553615E-0002  5.335855E-0002  6.735396E-0002  5.685377E-0002
  2.028852E-0001  1.748848E-0001  2.197371E-0001  2.417793E-0001  8.696127E-0002  1.698294E-0001  1.196277E-0001  5.868292E-0002  1.036543E-0001  1.188573E-0001  1.163063E-0001  9.651566E-0002  1.195584E-0001  1.208075E-0001  1.234420E-0001  9.509420E-0002  1.177470E-0001  1.129946E-0001  7.740045E-0002  0.000000E+0000  1.097931E-0001  6.753850E-0002  8.081579E-0002  8.317864E-0002  1.022114E-0001  9.548354E-0002  9.092569E-0002  1.065521E-0001  1.092133E-0001  6.600213E-0002  5.714297E-0002  7.583207E-0002  1.139767E-0001  1.052816E-0001  1.364396E-0001  7.171869E-0002  1.256362E-0001  1.177108E-0001  1.442730E-0001  1.495676E-0001  1.271100E-0001  1.030755E-0001  8.890438E-0002  5.907488E-0002  8.502674E-0002  8.221817E-0002  9.288383E-0002  1.953430E-0001  8.680761E-0002  1.820631E-0001  1.228241E-0001  1.406505E-0001  1.537309E-0001  1.291411E-0001  1.027730E-0001  9.348273E-0002  7.104412E-0002  1.080085E-0001  1.406628E-0001  1.433116E-0001  7.991838E-0002  3.037605E-0001  1.791677E-0001  4.481459E-0002  8.306313E-0002  7.146394E-0002  7.735199E-0002  8.290505E-0002  1.293931E-0001  1.230149E-0001  1.287642E-0001  4.843402E-0002  5.419302E-0002  8.796191E-0002  1.535573E-0001  5.925113E-0002  3.202975E-0002  9.953105E-0002  1.382552E-0001  1.516657E-0001  1.619782E-0001  1.333771E-0001  1.103181E-0001  1.675937E-0001
  1.713719E-0001  1.511115E-0001  1.321671E-0001  1.602314E-0001  9.908354E-0002  2.421718E-0001  1.306277E-0001  1.809711E-0001  1.733093E-0001  3.163996E-0001  7.544041E-0001  3.054776E-0001  1.191123E-0001  1.133699E-0001  1.270101E-0001  2.661395E-0001  1.901264E-0001  1.287227E-0001  9.324336E-0002  1.097931E-0001  0.000000E+0000  6.933355E-0002  3.838377E-0001  7.704377E-0002  9.700334E-0002  1.164981E-0001  1.388569E-0001  1.494312E-0001  6.484861E-0001  1.243381E-0001  1.257219E-0001  6.720436E-0002  5.199642E-0001  1.220928E-0001  1.424748E-0001  1.173420E-0001  1.401327E-0001  2.048912E-0001  7.232447E-0001  1.478560E+0000  5.311241E-0001  6.447887E-0001  1.313874E-0001  1.238894E-0001  1.027697E-0001  8.259904E-0002  1.006116E-0001  1.070118E-0001  1.179049E-0001  2.341604E-0002  6.557751E-0002  1.422710E-0001  4.979057E-0001  8.866501E-0002  1.367484E-0001  1.387483E-0001  1.573682E-0001  5.074263E-0002  1.019847E-0001  9.039569E-0002  1.135672E-0001  4.891729E-0002  5.465374E-0001  5.080152E-0002  8.959246E-0002  7.792795E-0002  1.007555E-0001  1.309587E-0001  9.298229E-0002  1.239700E-0001  2.291918E-0001  3.986692E-0002  3.619885E-0002  1.026353E-0001  6.282568E-0001  1.474153E-0001  1.115513E-0001  7.905602E-0002  1.024149E-0001  1.108231E-0001  1.361670E-0001  1.006779E-0001  6.141853E-0002  6.128273E-0001
  1.553123E-0001  1.421661E-0001  1.127934E-0001  1.256711E-0001  6.710446E-0002  1.284487E-0001  1.664023E-0001  5.111361E-0002  1.908674E-0001  5.912232E-0002  5.703282E-0002  1.405954E-0001  1.652775E-0001  1.793480E-0001  1.922450E-0001  1.266098E-0001  1.348591E-0001  1.726208E-0001  3.300333E-0002  6.753850E-0002  6.933355E-0002  0.000000E+0000  1.260452E-0001  7.907677E-0002  1.789799E-0001  1.046953E-0001  8.384371E-0002  7.792687E-0002  1.032447E-0001  1.397572E-0001  1.632805E-0001  1.266856E-0001  6.945038E-0002  1.902642E-0001  1.595354E-0001  2.143946E-0001  1.819935E-0001  1.846104E-0001  1.359770E-0001  1.359305E-0001  1.195600E-0001  5.422497E-0002  1.276290E-0001  1.159194E-0001  9.976959E-0002  7.949555E-0002  6.728625E-0002  1.054450E-0001  1.031594E-0001  4.636371E-0002  3.200531E-0002  2.975762E-0002  4.794586E-0002  7.846999E-0002  1.410933E-0001  1.410787E-0001  1.472874E-0001  6.764960E-0002  8.097672E-0002  1.053078E-0001  5.858231E-0002  4.680443E-0002  8.440328E-0002  6.198549E-0002  7.726526E-0002  6.273556E-0002  9.816360E-0002  8.040071E-0002  5.396104E-0002  7.764149E-0002  6.538582E-0002  6.968164E-0002  6.639481E-0002  1.317387E-0001  7.388973E-0002  1.413394E-0001  9.960341E-0002  1.058039E-0001  1.264932E-0001  1.174812E-0001  5.576169E-0002  2.411520E-0002  3.701389E-0002  6.636524E-0002
  1.395133E-0001  1.265523E-0001  8.554697E-0002  9.526205E-0002  8.605921E-0002  1.160962E-0001  1.397164E-0001  8.010054E-0002  2.058859E-0001  3.936267E-0001  5.727167E-0001  2.076797E-0001  9.962523E-0002  1.001712E-0001  1.213356E-0001  4.505625E-0001  2.324944E-0001  1.758728E-0001  6.379509E-0002  8.081579E-0002  3.838377E-0001  1.260452E-0001  0.000000E+0000  5.629015E-0002  8.495665E-0002  9.310412E-0002  1.396809E-0001  1.250882E-0001  5.101337E-0001  9.822464E-0002  2.024555E-0001  9.049416E-0002  1.332068E+0000  1.492298E-0001  1.657954E-0001  1.897702E-0001  1.811962E-0001  1.923451E-0001  3.793917E-0001  6.893339E-0001  4.516382E-0001  4.575891E-0001  1.550518E-0001  1.527340E-0001  1.187591E-0001  9.646201E-0002  8.929145E-0002  1.175580E-0001  1.177703E-0001  5.056119E-0002  1.610613E-0002  5.309200E-0002  7.982087E-0002  1.214926E-0001  1.190737E-0001  1.311200E-0001  1.790290E-0001  1.179828E-0001  1.311526E-0001  1.195354E-0001  8.348489E-0002  4.745150E-0002  1.136503E-0001  6.981564E-0002  7.445145E-0002  6.507349E-0002  9.238768E-0002  1.048253E-0001  7.065964E-0002  9.136868E-0002  9.628105E-0002  5.547333E-0002  5.859900E-0002  1.380496E-0001  1.696677E-0001  1.809579E-0001  1.402674E-0001  1.223208E-0001  1.178867E-0001  1.257135E-0001  6.422138E-0002  2.473879E-0002  3.678727E-0002  1.202588E-0001
  9.453499E-0002  1.033752E-0001  1.038645E-0001  1.041313E-0001  5.115247E-0002  9.569526E-0002  1.132373E-0001  3.247035E-0002  9.180605E-0002  6.236339E-0002  6.748509E-0002  9.138703E-0002  1.489401E-0001  1.504478E-0001  1.164188E-0001  7.764292E-0002  6.634259E-0002  9.127080E-0002  6.492901E-0002  8.317864E-0002  7.704377E-0002  7.907677E-0002  5.629015E-0002  0.000000E+0000  1.361647E-0001  5.040264E-0002  9.388816E-0002  7.627773E-0002  6.048870E-0002  6.179810E-0002  7.795811E-0002  7.444191E-0002  7.332098E-0002  9.790754E-0002  9.570622E-0002  1.284232E-0001  9.622478E-0002  9.918737E-0002  9.630573E-0002  1.016639E-0001  1.032341E-0001  6.604338E-0002  1.173236E-0001  1.027075E-0001  1.043838E-0001  9.328949E-0002  6.998992E-0002  9.784567E-0002  1.010730E-0001  6.057650E-0002  5.021134E-0002  5.577683E-0002  6.303990E-0002  5.668044E-0002  1.499286E-0001  1.661263E-0001  1.843379E-0001  8.235502E-0002  8.197808E-0002  1.090753E-0001  9.101295E-0002  8.220541E-0002  8.750772E-0002  1.083087E-0001  9.463406E-0002  9.514236E-0002  1.672392E-0001  9.236002E-0002  7.740128E-0002  7.589602E-0002  8.709097E-0002  9.643221E-0002  8.973742E-0002  1.510568E-0001  5.140185E-0002  1.614046E-0001  7.859731E-0002  1.246383E-0001  1.106355E-0001  1.066304E-0001  6.262088E-0002  5.479026E-0002  7.689118E-0002  5.821764E-0002
  1.338270E-0001  1.473792E-0001  1.276871E-0001  1.314483E-0001  6.254435E-0002  1.266400E-0001  1.225814E-0001  6.300384E-0002  9.927082E-0002  8.669937E-0002  9.188801E-0002  1.240481E-0001  1.369257E-0001  1.525373E-0001  1.268883E-0001  9.812355E-0002  9.225988E-0002  1.056308E-0001  9.335089E-0002  1.022114E-0001  9.700334E-0002  1.789799E-0001  8.495665E-0002  1.361647E-0001  0.000000E+0000  4.149103E-0002  1.062031E-0001  8.594769E-0002  7.466483E-0002  1.193618E-0001  1.349578E-0001  1.006903E-0001  8.890569E-0002  2.414312E-0001  1.377099E-0001  1.363370E-0001  1.101282E-0001  1.236009E-0001  1.307663E-0001  1.316541E-0001  1.333374E-0001  8.136249E-0002  1.138086E-0001  9.825337E-0002  1.074782E-0001  9.745342E-0002  6.800562E-0002  1.119081E-0001  8.712649E-0002  6.945693E-0002  6.381500E-0002  5.215231E-0002  6.020397E-0002  6.178778E-0002  1.262794E-0001  1.260400E-0001  1.223974E-0001  7.673478E-0002  8.801103E-0002  1.054236E-0001  7.875633E-0002  9.492767E-0002  1.064875E-0001  1.136920E-0001  1.192622E-0001  9.187984E-0002  7.039690E-0002  7.134628E-0002  8.993822E-0002  8.883882E-0002  1.101040E-0001  1.148109E-0001  1.051640E-0001  1.034710E-0001  6.251168E-0002  1.224986E-0001  6.419992E-0002  1.056253E-0001  1.150206E-0001  1.050953E-0001  6.218094E-0002  5.449581E-0002  8.260393E-0002  6.892467E-0002
  7.701468E-0002  9.680343E-0002  1.299109E-0001  1.203196E-0001  6.070185E-0002  1.112411E-0001  1.494055E-0001  8.354557E-0002  8.532274E-0002  8.312422E-0002  1.066739E-0001  1.060372E-0001  7.026315E-0002  6.048298E-0002  4.509592E-0002  7.622313E-0002  6.324112E-0002  7.648975E-0002  1.840801E-0001  9.548354E-0002  1.164981E-0001  1.046953E-0001  9.310412E-0002  5.040264E-0002  4.149103E-0002  0.000000E+0000  1.177757E-0001  1.082377E-0001  9.300685E-0002  9.759665E-0002  8.878613E-0002  2.193642E-0002  9.475261E-0002  3.453636E-0002  7.062793E-0002  1.013846E-0001  7.553607E-0002  8.964324E-0002  1.140451E-0001  1.199919E-0001  1.276115E-0001  1.062443E-0001  6.016517E-0002  5.340540E-0002  6.110096E-0002  6.152081E-0002  5.806255E-0002  7.929873E-0002  1.038422E-0001  1.249634E-0001  8.909127E-0002  5.111885E-0002  4.721230E-0002  4.341400E-0002  8.262086E-0002  8.815300E-0002  1.008876E-0001  3.846943E-0002  4.767084E-0002  4.629397E-0002  6.248379E-0002  9.567523E-0002  1.045367E-0001  6.304169E-0002  9.315515E-0002  3.617716E-0002  4.633760E-0002  7.827473E-0002  9.462041E-0002  1.118722E-0001  8.838820E-0002  7.473660E-0002  6.719089E-0002  6.804264E-0002  4.539442E-0002  9.928298E-0002  4.360116E-0002  5.946088E-0002  4.451269E-0002  4.535097E-0002  4.150698E-0002  4.602906E-0002  6.713629E-0002  5.400038E-0002
  1.295502E-0001  1.212450E-0001  9.795809E-0002  9.771085E-0002  8.213449E-0002  1.432304E-0001  1.261883E-0001  1.520214E-0001  2.860184E-0001  3.659239E-0001  4.997015E-0001  1.662898E-0001  1.274426E-0001  1.244272E-0001  1.257519E-0001  1.541677E-0001  1.484613E-0001  1.394827E-0001  1.034365E-0001  9.092569E-0002  1.388569E-0001  8.384371E-0002  1.396809E-0001  9.388816E-0002  1.062031E-0001  1.177757E-0001  0.000000E+0000  2.058945E-0001  1.800108E-0001  1.138548E-0001  1.361470E-0001  7.373822E-0002  1.628680E-0001  1.066861E-0001  1.346466E-0001  1.175658E-0001  1.515970E-0001  1.742897E-0001  1.616745E-0001  1.827583E-0001  2.078257E-0001  1.512403E-0001  1.263502E-0001  1.174060E-0001  9.945560E-0002  8.175802E-0002  8.829737E-0002  9.818578E-0002  1.091062E-0001  1.362519E-0001  2.205772E-0001  5.298262E-0001  5.026855E-0001  8.788013E-0002  1.325719E-0001  1.347154E-0001  1.499028E-0001  5.341053E-0002  7.839489E-0002  6.543136E-0002  1.180795E-0001  7.223225E-0002  1.997538E-0001  6.087017E-0002  1.026949E-0001  9.488654E-0002  1.138089E-0001  1.278710E-0001  4.601650E-0001  2.001715E-0001  1.658502E-0001  4.397893E-0002  3.700733E-0002  9.660769E-0002  2.513843E-0001  1.400985E-0001  1.067014E-0001  6.511712E-0002  7.489717E-0002  1.000616E-0001  1.160004E-0001  9.662390E-0002  8.873367E-0002  2.500992E-0001
  1.068119E-0001  9.854823E-0002  7.075810E-0002  7.557392E-0002  8.661717E-0002  1.178989E-0001  1.156731E-0001  1.219339E-0001  2.068472E-0001  1.940103E-0001  1.361651E-0001  1.982794E-0001  9.385362E-0002  9.281248E-0002  1.028369E-0001  1.868253E-0001  1.622353E-0001  1.317863E-0001  9.887922E-0002  1.065521E-0001  1.494312E-0001  7.792687E-0002  1.250882E-0001  7.627773E-0002  8.594769E-0002  1.082377E-0001  2.058945E-0001  0.000000E+0000  1.638112E-0001  9.995461E-0002  1.290202E-0001  4.741573E-0002  1.824713E-0001  9.951466E-0002  1.217786E-0001  1.004877E-0001  1.368051E-0001  1.830320E-0001  2.118592E-0001  2.326684E-0001  2.264838E-0001  2.044144E-0001  9.897512E-0002  9.342945E-0002  7.883877E-0002  6.689334E-0002  9.628600E-0002  6.226707E-0002  1.048677E-0001  6.686354E-0002  1.017198E-0001  2.767954E-0001  2.570028E-0001  6.947017E-0002  9.979600E-0002  1.016252E-0001  1.128908E-0001  3.498173E-0002  5.278921E-0002  3.543639E-0002  1.118947E-0001  6.174612E-0002  2.593966E-0001  4.431963E-0002  9.488106E-0002  7.232463E-0002  8.104545E-0002  1.253315E-0001  2.113447E-0001  2.412434E-0001  1.642556E-0001  3.797483E-0002  3.039050E-0002  4.912162E-0002  2.018375E-0001  9.691817E-0002  8.508956E-0002  3.263843E-0002  3.471017E-0002  5.831611E-0002  8.617425E-0002  8.666801E-0002  8.823490E-0002  2.927866E-0001
  1.362653E-0001  1.268926E-0001  8.570218E-0002  9.381151E-0002  1.016485E-0001  1.122727E-0001  1.326337E-0001  1.037771E-0001  2.142937E-0001  4.255753E-0001  7.811985E-0001  2.042589E-0001  9.797084E-0002  9.210837E-0002  1.058893E-0001  3.924084E-0001  2.002420E-0001  1.426601E-0001  8.503580E-0002  1.092133E-0001  6.484861E-0001  1.032447E-0001  5.101337E-0001  6.048870E-0002  7.466483E-0002  9.300685E-0002  1.800108E-0001  1.638112E-0001  0.000000E+0000  1.619110E-0001  2.144003E-0001  8.796048E-0002  2.920471E+0000  1.307933E-0001  1.563625E-0001  1.719408E-0001  1.443496E-0001  1.612606E-0001  4.392262E-0001  8.915806E-0001  6.198997E-0001  7.584391E-0001  1.633180E-0001  1.551570E-0001  1.226528E-0001  1.013331E-0001  1.010083E-0001  1.190320E-0001  1.342204E-0001  6.160927E-0002  1.596546E-0002  7.450652E-0002  1.216039E-0001  1.422687E-0001  1.363475E-0001  1.530234E-0001  1.974380E-0001  1.172304E-0001  1.481047E-0001  1.462882E-0001  1.024551E-0001  7.174444E-0002  1.270571E-0001  8.006763E-0002  1.034336E-0001  7.726002E-0002  1.171267E-0001  1.215057E-0001  9.374523E-0002  1.018204E-0001  1.524563E-0001  6.858158E-0002  6.962633E-0002  1.568089E-0001  3.568501E-0001  1.776624E-0001  1.234571E-0001  1.514125E-0001  1.387963E-0001  1.457150E-0001  7.481432E-0002  3.919172E-0002  6.196499E-0002  1.751723E-0001
