6661999 = Ignore first line (new format code)
File name: C:\Users\sxv140030\Desktop\Data_DR._V\EEG\AELBRECHT_RONNY_NBN_PT_HOLO_2-ROIlinLagConn.txt
1 = Number of time frames in Time X Frequency decomposition
158 = Number of EEG files
84 = Number Electrodes
256 = Number of time frames in EEG files
256 = Number of time frames in EEG files power of 2
5 = Number of matrices
5 = Band type (1=Classical1; 2=Classical2; 3=DiscreteFreqs; 4=AllDiscreteFreqs; 5=UserDefinedBands)
 1.280000E+0002 = Sampling rate Hz
-1.000000E+0002 = Freq1 Hz
-1.000000E+0002 = Freq2 Hz
 5.000000E-0001 = Frequency resolution Hz

  0.000000E+0000  2.556095E-0001  5.985918E-0001  6.022167E-0001  8.946848E-0002  3.565216E-0001  1.171493E-0001  4.166210E-0002  1.012620E-0001  1.176631E-0001  1.122413E-0001  1.748919E-0001  9.048367E-0002  9.907103E-0002  1.161389E-0001  2.004952E-0001  2.121744E-0001  2.155828E-0001  5.014658E-0002  3.986216E-0002  9.677273E-0002  1.378627E-0001  1.708844E-0001  8.430040E-0002  9.724927E-0002  5.278301E-0002  6.595904E-0002  6.432426E-0002  1.264076E-0001  1.814339E-0001  1.598969E-0001  8.678722E-0002  2.232647E-0001  1.108770E-0001  1.664066E-0001  1.369057E-0001  2.685714E-0001  3.304300E-0001  1.513634E-0001  1.202886E-0001  1.392982E-0001  1.895373E-0001  6.032538E-0002  6.489563E-0002  5.254114E-0002  4.958224E-0002  4.093361E-0002  3.161693E-0002  4.423094E-0002  5.223596E-0002  6.327438E-0002  1.063043E-0001  7.921392E-0002  5.156553E-0002  5.609417E-0002  4.502618E-0002  2.786148E-0002  6.321472E-0002  6.575745E-0002  6.942892E-0002  4.386431E-0002  1.016831E-0002  8.578846E-0002  7.789993E-0002  1.008641E-0001  6.824768E-0002  4.778850E-0002  3.516817E-0002  4.822257E-0002  4.988542E-0002  1.066249E-0001  7.685930E-0002  6.915534E-0002  3.841299E-0002  4.627764E-0002  3.477776E-0002  8.229721E-0002  7.525212E-0002  6.938815E-0002  4.044551E-0002  6.457019E-0002  7.846236E-0002  7.801998E-0002  8.240241E-0002
  2.556095E-0001  0.000000E+0000  8.024445E-0001  6.801167E-0001  7.105541E-0002  3.137674E-0001  8.716059E-0002  4.384381E-0002  1.220705E-0001  1.468294E-0001  1.342945E-0001  2.490830E-0001  8.495128E-0002  9.342194E-0002  1.109485E-0001  2.743053E-0001  3.196726E-0001  4.275947E-0001  5.002940E-0002  4.668093E-0002  1.243071E-0001  1.419058E-0001  1.970177E-0001  8.702850E-0002  9.344459E-0002  4.376197E-0002  8.470258E-0002  8.666623E-0002  1.502633E-0001  1.964819E-0001  1.962881E-0001  1.088390E-0001  2.291982E-0001  9.158325E-0002  1.324387E-0001  2.815027E-0001  5.911660E-0001  4.933929E-0001  1.784158E-0001  1.395969E-0001  1.507683E-0001  2.094517E-0001  6.505525E-0002  6.713438E-0002  5.040991E-0002  4.458177E-0002  4.089761E-0002  2.436829E-0002  3.960490E-0002  6.400788E-0002  7.426494E-0002  1.160057E-0001  8.493713E-0002  4.733407E-0002  4.622185E-0002  3.462422E-0002  2.357161E-0002  5.357134E-0002  5.306953E-0002  4.786783E-0002  4.752749E-0002  1.287734E-0002  1.034586E-0001  7.790124E-0002  1.044502E-0001  6.944919E-0002  4.093862E-0002  3.454733E-0002  5.501986E-0002  6.692135E-0002  1.162949E-0001  7.269555E-0002  6.319219E-0002  3.199852E-0002  4.909515E-0002  3.591776E-0002  7.894027E-0002  5.716544E-0002  4.934436E-0002  2.904207E-0002  7.678753E-0002  9.320801E-0002  8.957142E-0002  8.576864E-0002
  5.985918E-0001  8.024445E-0001  0.000000E+0000  5.588150E-0002  5.987072E-0002  2.120028E-0001  6.415844E-0002  6.508780E-0002  1.317730E-0001  1.448293E-0001  1.310354E-0001  2.110243E-0001  7.532382E-0002  8.442402E-0002  8.490634E-0002  1.841998E-0001  2.251353E-0001  2.645922E-0001  4.490125E-0002  4.161978E-0002  1.221929E-0001  8.348262E-0002  1.443621E-0001  6.415963E-0002  7.117724E-0002  3.555202E-0002  8.065170E-0002  8.735269E-0002  1.178174E-0001  1.408373E-0001  1.450177E-0001  7.073903E-0002  1.781126E-0001  8.159661E-0002  9.604073E-0002  1.364362E-0001  3.690567E-0001  5.435166E-0001  1.491241E-0001  1.165224E-0001  1.379054E-0001  1.646322E-0001  7.201397E-0002  6.916356E-0002  7.985520E-0002  7.863498E-0002  4.020071E-0002  3.437805E-0002  3.501964E-0002  6.081533E-0002  6.605750E-0002  1.020468E-0001  7.795522E-0002  3.667098E-0002  2.433097E-0002  1.175797E-0002  3.174901E-0003  2.849117E-0002  2.612066E-0002  1.645112E-0002  4.898971E-0002  1.327705E-0002  9.203252E-0002  5.624342E-0002  7.068542E-0002  5.231178E-0002  2.368391E-0002  3.697050E-0002  4.952371E-0002  6.631386E-0002  8.129331E-0002  4.826444E-0002  3.980349E-0002  2.011161E-0002  3.719491E-0002  1.912564E-0002  5.665225E-0002  2.374092E-0002  1.971245E-0002  1.630771E-0002  7.362002E-0002  8.817512E-0002  8.289862E-0002  6.626901E-0002
  6.022167E-0001  6.801167E-0001  5.588150E-0002  0.000000E+0000  4.364014E-0002  2.527380E-0001  5.090284E-0002  6.030166E-0002  1.230487E-0001  1.294010E-0001  1.184060E-0001  1.882281E-0001  6.883025E-0002  7.845378E-0002  8.144331E-0002  1.758626E-0001  2.050219E-0001  2.069099E-0001  4.359269E-0002  4.067373E-0002  1.118370E-0001  7.573688E-0002  1.390826E-0001  5.730164E-0002  6.397748E-0002  3.458524E-0002  7.404280E-0002  7.856977E-0002  1.110526E-0001  1.394134E-0001  1.430418E-0001  6.016898E-0002  1.704034E-0001  7.608628E-0002  8.105087E-0002  1.054649E-0001  2.666497E-0001  5.725937E-0001  1.427379E-0001  1.067384E-0001  1.328084E-0001  1.532589E-0001  6.411803E-0002  5.911839E-0002  6.886673E-0002  6.623340E-0002  3.796864E-0002  3.287911E-0002  3.172493E-0002  6.045985E-0002  6.482631E-0002  9.502636E-0002  6.989861E-0002  3.275317E-0002  2.130771E-0002  1.067805E-0002  2.872229E-0003  2.594845E-0002  2.359670E-0002  1.193261E-0002  4.900593E-0002  1.223826E-0002  8.503461E-0002  5.000386E-0002  6.409293E-0002  4.801649E-0002  2.287990E-0002  3.627384E-0002  4.681653E-0002  5.994663E-0002  7.520944E-0002  4.325813E-0002  3.592730E-0002  1.785438E-0002  3.535554E-0002  1.580256E-0002  4.577845E-0002  1.825249E-0002  1.355171E-0002  1.348435E-0002  6.914032E-0002  8.414012E-0002  8.065301E-0002  6.317520E-0002
  8.946848E-0002  7.105541E-0002  5.987072E-0002  4.364014E-0002  0.000000E+0000  5.176353E-0002  1.190357E-0001  9.756684E-0002  6.802911E-0002  3.932846E-0002  2.816316E-0002  5.774432E-0002  3.214765E-0002  4.060793E-0002  6.784582E-0002  5.540645E-0002  5.617315E-0002  5.158475E-0002  4.412746E-0002  4.939961E-0002  2.159128E-0002  3.986382E-0002  3.032994E-0002  3.144026E-0002  4.054117E-0002  2.798271E-0002  3.897142E-0002  3.886634E-0002  2.128375E-0002  3.462923E-0002  4.293561E-0002  8.548260E-0002  4.021055E-0002  1.032273E-0001  7.648849E-0002  4.693031E-0002  5.341187E-0002  6.807104E-0002  6.543657E-0002  5.219349E-0002  5.831456E-0002  3.334843E-0002  1.868820E-0002  1.959205E-0002  1.471948E-0002  1.673031E-0002  1.154079E-0001  3.084803E-0002  2.534866E-0002  4.222584E-0002  3.808391E-0002  3.080595E-0002  2.345939E-0002  2.401654E-0002  1.440048E-0002  1.515996E-0002  1.853740E-0002  2.197492E-0002  2.673882E-0002  2.331930E-0002  4.335952E-0002  3.164566E-0002  1.498171E-0002  1.773000E-0002  1.992035E-0002  2.867347E-0002  2.256578E-0002  3.224945E-0002  2.715564E-0002  3.088796E-0002  1.674765E-0002  1.939821E-0002  1.902306E-0002  1.537466E-0002  2.971132E-0002  2.491283E-0002  2.547359E-0002  2.159595E-0002  2.287310E-0002  2.075827E-0002  2.954222E-0002  3.493935E-0002  4.262474E-0002  3.169303E-0002
  3.565216E-0001  3.137674E-0001  2.120028E-0001  2.527380E-0001  5.176353E-0002  0.000000E+0000  4.204774E-0002  9.925938E-0002  1.033082E-0001  1.669956E-0001  1.385975E-0001  1.492047E-0001  9.296930E-0002  1.008753E-0001  9.920716E-0002  1.459359E-0001  1.414564E-0001  1.044178E-0001  2.145922E-0002  4.028320E-0002  1.145786E-0001  6.799453E-0002  1.338065E-0001  6.663600E-0002  8.670437E-0002  2.043486E-0002  9.819913E-0002  9.676886E-0002  1.052310E-0001  1.319553E-0001  1.315460E-0001  6.962913E-0002  1.354482E-0001  9.410262E-0002  1.181159E-0001  6.849921E-0002  1.132674E-0001  4.781771E-0001  1.438317E-0001  1.004033E-0001  1.162481E-0001  1.151286E-0001  8.962536E-0002  8.613443E-0002  8.960450E-0002  8.763504E-0002  6.368136E-0002  1.051230E-0001  4.286003E-0002  9.012938E-0002  7.549763E-0002  9.074607E-0002  8.066702E-0002  2.149373E-0002  4.561919E-0002  2.975404E-0002  8.600771E-0003  2.026719E-0002  1.251298E-0002  1.980662E-0002  4.004467E-0002  2.433014E-0002  1.077200E-0001  5.468878E-0002  6.814277E-0002  5.169326E-0002  3.177732E-0002  3.942740E-0002  7.954192E-0002  8.880901E-0002  8.623457E-0002  4.391810E-0002  3.419924E-0002  2.272123E-0002  2.620497E-0002  2.048129E-0002  8.218050E-0002  3.577179E-0002  3.410584E-0002  1.771700E-0002  5.173886E-0002  7.288718E-0002  7.874495E-0002  5.871674E-0002
  1.171493E-0001  8.716059E-0002  6.415844E-0002  5.090284E-0002  1.190357E-0001  4.204774E-0002  0.000000E+0000  6.915796E-0002  7.993865E-0002  4.605761E-0002  4.094118E-0002  6.608278E-0002  2.427816E-0002  3.250837E-0002  6.004810E-0002  5.155349E-0002  5.534625E-0002  5.763963E-0002  3.623176E-0002  5.375969E-0002  4.307371E-0002  3.362072E-0002  4.088038E-0002  3.678751E-0002  4.771280E-0002  5.297661E-0002  5.201867E-0002  5.421603E-0002  3.947288E-0002  4.661417E-0002  5.462337E-0002  4.366875E-0002  5.300096E-0002  2.236376E-0001  8.968544E-0002  5.233634E-0002  5.943090E-0002  7.412422E-0002  6.908053E-0002  5.578193E-0002  5.261570E-0002  4.582009E-0002  1.775098E-0002  1.534891E-0002  1.080715E-0002  9.621441E-0003  5.191612E-0002  1.858747E-0002  1.298256E-0001  3.536689E-0002  3.526124E-0002  3.744929E-0002  2.543788E-0002  2.431536E-0002  1.325964E-0002  1.261615E-0002  9.062648E-0003  2.067053E-0002  2.693430E-0002  2.207827E-0002  3.243637E-0002  2.718538E-0002  3.168276E-0002  1.711273E-0002  2.187645E-0002  2.815759E-0002  2.081370E-0002  2.824736E-0002  3.620726E-0002  4.186651E-0002  2.438891E-0002  1.913530E-0002  1.846093E-0002  1.426172E-0002  2.659626E-0002  9.298563E-0003  1.893330E-0002  1.812965E-0002  1.880533E-0002  1.905149E-0002  3.327320E-0002  3.396437E-0002  3.641966E-0002  3.164357E-0002
  4.166210E-0002  4.384381E-0002  6.508780E-0002  6.030166E-0002  9.756684E-0002  9.925938E-0002  6.915796E-0002  0.000000E+0000  4.837036E-0001  3.292489E-0001  3.884335E-0001  1.095812E-0001  1.706728E-0001  1.573078E-0001  1.429942E-0001  1.760166E-0001  1.649728E-0001  1.384019E-0001  3.054219E-0002  9.579754E-0002  2.130394E-0001  1.408961E-0001  1.859534E-0001  1.120545E-0001  1.486402E-0001  1.474988E-0002  5.627747E-0001  2.415504E-0001  1.462989E-0001  1.840650E-0001  1.731960E-0001  1.308369E-0001  1.969187E-0001  1.200968E-0001  9.722823E-0002  1.373805E-0001  1.279124E-0001  1.069462E-0001  1.075453E-0001  2.054043E-0001  3.800135E-0001  2.230277E-0001  1.683811E-0001  1.631693E-0001  1.451355E-0001  1.361977E-0001  8.406174E-0002  1.247756E-0001  5.942661E-0002  4.797611E-0001  1.470757E-0001  1.836805E-0001  1.493416E-0001  6.203938E-0002  1.188506E-0001  8.039507E-0002  2.781574E-0002  7.675660E-0002  7.557356E-0002  1.067301E-0001  2.828437E-0002  4.987192E-0002  2.210801E-0001  1.173198E-0001  1.379840E-0001  8.777583E-0002  5.912799E-0002  4.315794E-0002  3.144164E-0001  1.996689E-0001  1.513275E-0001  1.107870E-0001  9.568936E-0002  6.429937E-0002  4.249001E-0002  5.303076E-0002  1.759748E-0001  1.239426E-0001  1.185282E-0001  7.585654E-0002  6.906784E-0002  1.065468E-0001  1.385765E-0001  9.738135E-0002
  1.012620E-0001  1.220705E-0001  1.317730E-0001  1.230487E-0001  6.802911E-0002  1.033082E-0001  7.993865E-0002  4.837036E-0001  0.000000E+0000  1.054818E+0000  5.290937E-0001  1.868820E-0001  2.418063E-0001  2.334874E-0001  2.149738E-0001  2.255946E-0001  2.159193E-0001  2.047861E-0001  3.808132E-0002  3.424072E-0002  2.679667E-0001  1.985235E-0001  2.584816E-0001  1.815860E-0001  2.366775E-0001  2.899593E-0002  4.976444E-0001  3.048401E-0001  1.979375E-0001  2.628022E-0001  2.432306E-0001  1.943182E-0001  1.751966E-0001  1.600552E-0001  1.882601E-0001  2.107509E-0001  2.035260E-0001  1.689048E-0001  2.252440E-0001  2.427626E-0001  5.772276E-0001  1.778321E-0001  1.856339E-0001  1.983178E-0001  1.752475E-0001  1.722497E-0001  6.834745E-0002  1.127107E-0001  6.220937E-0002  1.975303E-0001  2.281294E-0001  1.596713E-0001  1.572032E-0001  7.180727E-0002  1.933250E-0001  1.518038E-0001  6.704491E-0002  1.221708E-0001  1.220156E-0001  1.826445E-0001  2.684718E-0002  3.416491E-0002  3.164203E-0001  1.619546E-0001  2.004161E-0001  1.449769E-0001  1.228412E-0001  4.323351E-0002  3.282647E-0001  2.290940E-0001  2.427249E-0001  1.504032E-0001  1.327558E-0001  8.974957E-0002  4.724395E-0002  7.895797E-0002  2.481102E-0001  2.171961E-0001  1.954800E-0001  1.059652E-0001  2.055621E-0002  2.917576E-0002  1.381741E-0001  1.498821E-0001
  1.176631E-0001  1.468294E-0001  1.448293E-0001  1.294010E-0001  3.932846E-0002  1.669956E-0001  4.605761E-0002  3.292489E-0001  1.054818E+0000  0.000000E+0000  2.572823E-0001  3.255072E-0001  1.732570E-0001  1.720768E-0001  1.678098E-0001  5.078015E-0001  5.196338E-0001  3.559260E-0001  2.665159E-0002  1.053205E-0001  1.556139E-0001  1.525879E-0001  3.206692E-0001  1.301597E-0001  1.764831E-0001  2.063039E-0002  2.064867E-0001  1.549935E-0001  2.062283E-0001  2.455435E-0001  2.996833E-0001  1.810999E-0001  2.068930E-0001  1.205749E-0001  2.236814E-0001  2.861366E-0001  3.415918E-0001  3.956022E-0001  8.437052E-0001  8.724833E-0001  1.404472E+0000  2.039957E-0001  1.586221E-0001  1.741389E-0001  1.596648E-0001  1.593639E-0001  3.606127E-0002  1.273776E-0001  2.519586E-0002  3.768239E-0001  2.922502E-0001  2.827263E-0001  3.402739E-0001  1.460695E-0001  1.785610E-0001  1.527188E-0001  7.040751E-0002  1.758716E-0001  2.096698E-0001  2.159266E-0001  1.453949E-0002  6.894469E-0002  1.983385E-0001  1.361747E-0001  1.864297E-0001  1.243315E-0001  1.254102E-0001  1.656945E-0002  2.275443E-0001  1.554875E-0001  2.069299E-0001  1.505964E-0001  1.493444E-0001  7.155818E-0002  1.214389E-0001  6.066942E-0002  2.352585E-0001  2.212944E-0001  2.084612E-0001  1.275781E-0001  1.245417E-0001  1.361794E-0001  1.610527E-0001  2.122993E-0001
  1.122413E-0001  1.342945E-0001  1.310354E-0001  1.184060E-0001  2.816316E-0002  1.385975E-0001  4.094118E-0002  3.884335E-0001  5.290937E-0001  2.572823E-0001  0.000000E+0000  4.114413E-0001  1.455564E-0001  1.439232E-0001  1.377401E-0001  7.786932E-0001  5.865798E-0001  3.365195E-0001  2.882209E-0002  1.076946E-0001  1.839752E-0001  1.383613E-0001  4.802213E-0001  1.257067E-0001  1.596832E-0001  1.836093E-0002  2.911148E-0001  2.887192E-0001  3.505907E-0001  2.457561E-0001  3.050466E-0001  1.585860E-0001  5.935211E-0001  9.314752E-0002  1.990036E-0001  2.584381E-0001  3.209734E-0001  4.451537E-0001  6.753225E-0001  5.762396E-0001  5.373583E-0001  4.607229E-0001  1.320522E-0001  1.496776E-0001  1.418283E-0001  1.445931E-0001  2.656564E-0002  1.282535E-0001  1.775956E-0002  5.198841E-0001  4.031754E-0001  3.984127E-0001  5.767355E-0001  1.623378E-0001  1.522304E-0001  1.306481E-0001  6.380618E-0002  1.765860E-0001  2.134618E-0001  2.075849E-0001  1.489475E-0002  7.884777E-0002  2.123284E-0001  1.302032E-0001  1.760570E-0001  1.243805E-0001  1.233875E-0001  1.211592E-0002  4.045916E-0001  3.942823E-0001  2.015543E-0001  1.462787E-0001  1.481913E-0001  6.469139E-0002  1.424711E-0001  5.121011E-0002  2.037756E-0001  2.033753E-0001  1.892450E-0001  1.284508E-0001  1.504679E-0001  1.501994E-0001  1.691556E-0001  2.314634E-0001
  1.748919E-0001  2.490830E-0001  2.110243E-0001  1.882281E-0001  5.774432E-0002  1.492047E-0001  6.608278E-0002  1.095812E-0001  1.868820E-0001  3.255072E-0001  4.114413E-0001  0.000000E+0000  1.551635E-0001  1.511480E-0001  1.493473E-0001  8.591461E-0001  7.455139E-0001  3.952217E-0001  2.996749E-0002  1.124558E-0001  3.182988E-0001  1.295753E-0001  4.450951E-0001  1.005644E-0001  1.222206E-0001  2.986482E-0002  1.692984E-0001  1.703058E-0001  3.307257E-0001  3.245945E-0001  4.313707E-0001  2.161574E-0001  3.809576E-0001  1.351643E-0001  2.797847E-0001  2.706251E-0001  3.657084E-0001  2.649078E-0001  3.735008E-0001  3.609295E-0001  3.798928E-0001  3.839498E-0001  1.466347E-0001  1.654290E-0001  1.417872E-0001  1.369704E-0001  5.102152E-0002  8.081293E-0002  3.326546E-0002  1.336083E-0001  1.491132E-0001  1.817014E-0001  9.762788E-0002  8.050233E-0002  1.327559E-0001  1.078007E-0001  5.499774E-0002  1.131991E-0001  1.149148E-0001  1.543586E-0001  3.152353E-0002  7.316840E-0002  1.969476E-0001  1.203695E-0001  1.508007E-0001  9.851032E-0002  9.237507E-0002  2.915655E-0002  1.523978E-0001  1.616944E-0001  1.861210E-0001  1.224728E-0001  1.153422E-0001  6.802696E-0002  7.669818E-0002  6.048650E-0002  2.136602E-0001  1.744915E-0001  1.652455E-0001  9.091175E-0002  7.165444E-0002  8.897197E-0002  1.052018E-0001  1.498847E-0001
  9.048367E-0002  8.495128E-0002  7.532382E-0002  6.883025E-0002  3.214765E-0002  9.296930E-0002  2.427816E-0002  1.706728E-0001  2.418063E-0001  1.732570E-0001  1.455564E-0001  1.551635E-0001  0.000000E+0000  1.938725E-0001  1.940594E-0001  3.207321E-0001  3.150065E-0001  2.046752E-0001  4.052353E-0002  1.485293E-0001  1.218748E-0001  6.302500E-0002  1.480844E-0001  6.741762E-0002  1.206121E-0001  2.636576E-0002  1.715212E-0001  1.705201E-0001  1.219969E-0001  1.004517E-0001  1.914895E-0001  2.922873E-0001  1.814798E-0001  1.315737E-0001  9.997034E-0002  1.430385E-0001  1.975801E-0001  1.897417E-0001  1.787515E-0001  1.691734E-0001  1.748760E-0001  1.579726E-0001  1.369428E-0002  1.483440E-0002  1.181513E-0002  1.211857E-0002  1.178574E-0002  2.056187E-0002  1.216733E-0002  1.300958E-0001  1.220801E-0001  1.523449E-0001  7.701528E-0002  8.704925E-0002  7.271290E-0002  6.840420E-0002  6.533957E-0002  9.800595E-0002  1.137941E-0001  6.656781E-0002  2.978894E-0002  8.196035E-0002  7.605457E-0002  7.111537E-0002  8.990407E-0002  6.687117E-0002  6.725407E-0002  1.151770E-0002  1.294847E-0001  1.346792E-0001  8.235490E-0002  8.383322E-0002  8.630860E-0002  4.293585E-0002  1.031492E-0001  3.182077E-0002  2.248490E-0002  5.274522E-0002  4.140913E-0002  4.432246E-0002  1.280144E-0001  1.443352E-0001  1.483190E-0001  1.345620E-0001
  9.907103E-0002  9.342194E-0002  8.442402E-0002  7.845378E-0002  4.060793E-0002  1.008753E-0001  3.250837E-0002  1.573078E-0001  2.334874E-0001  1.720768E-0001  1.439232E-0001  1.511480E-0001  1.938725E-0001  0.000000E+0000  2.231483E-0001  3.306956E-0001  3.233445E-0001  2.030082E-0001  3.869128E-0002  1.482707E-0001  1.199379E-0001  7.202959E-0002  1.419151E-0001  6.298780E-0002  1.072692E-0001  2.730250E-0002  1.679166E-0001  1.654648E-0001  1.209504E-0001  9.912920E-0002  1.824403E-0001  3.581018E-0001  1.796223E-0001  1.399679E-0001  1.079814E-0001  1.434186E-0001  1.960385E-0001  1.842740E-0001  1.726534E-0001  1.653905E-0001  1.736161E-0001  1.566516E-0001  1.595247E-0002  1.812589E-0002  1.418918E-0002  1.446402E-0002  1.407539E-0002  2.356905E-0002  1.502597E-0002  1.284668E-0001  1.195583E-0001  1.531785E-0001  7.583749E-0002  8.874814E-0002  7.233524E-0002  5.510378E-0002  4.728413E-0002  1.016963E-0001  1.163799E-0001  7.368848E-0002  2.384275E-0002  8.120638E-0002  7.635796E-0002  7.551551E-0002  9.136021E-0002  6.392837E-0002  6.250095E-0002  1.041996E-0002  1.285333E-0001  1.312830E-0001  8.286327E-0002  8.790106E-0002  9.027249E-0002  4.855692E-0002  9.878728E-0002  3.517747E-0002  2.909017E-0002  6.173581E-0002  4.894930E-0002  4.960226E-0002  1.237682E-0001  1.392678E-0001  1.440302E-0001  1.312646E-0001
  1.161389E-0001  1.109485E-0001  8.490634E-0002  8.144331E-0002  6.784582E-0002  9.920716E-0002  6.004810E-0002  1.429942E-0001  2.149738E-0001  1.678098E-0001  1.377401E-0001  1.493473E-0001  1.940594E-0001  2.231483E-0001  0.000000E+0000  2.578897E-0001  3.011446E-0001  2.310665E-0001  3.974712E-0002  1.321445E-0001  1.144419E-0001  1.063964E-0001  1.324840E-0001  5.904150E-0002  8.392811E-0002  3.972626E-0002  1.610529E-0001  1.552088E-0001  1.166496E-0001  1.169693E-0001  1.529026E-0001  3.068132E-0001  1.713226E-0001  1.081714E-0001  1.279755E-0001  1.742675E-0001  2.362394E-0001  1.857772E-0001  1.688962E-0001  1.665556E-0001  1.763536E-0001  1.539719E-0001  2.660382E-0002  3.264689E-0002  2.619445E-0002  2.693915E-0002  2.118683E-0002  3.409636E-0002  2.181482E-0002  1.242195E-0001  1.299695E-0001  1.657095E-0001  7.633305E-0002  8.555499E-0002  7.956934E-0002  5.113125E-0002  3.445923E-0002  1.072923E-0001  1.179019E-0001  8.214021E-0002  1.988810E-0002  7.185560E-0002  8.008188E-0002  8.251882E-0002  9.695721E-0002  5.745435E-0002  5.291033E-0002  1.295697E-0002  1.250581E-0001  1.239093E-0001  8.819062E-0002  9.469092E-0002  9.611332E-0002  5.384457E-0002  9.565520E-0002  3.419518E-0002  5.566025E-0002  7.692155E-0002  6.153524E-0002  5.591138E-0002  1.144846E-0001  1.456032E-0001  1.620579E-0001  1.478648E-0001
  2.004952E-0001  2.743053E-0001  1.841998E-0001  1.758626E-0001  5.540645E-0002  1.459359E-0001  5.155349E-0002  1.760166E-0001  2.255946E-0001  5.078015E-0001  7.786932E-0001  8.591461E-0001  3.207321E-0001  3.306956E-0001  2.578897E-0001  0.000000E+0000  4.767132E-0001  1.527842E+0000  2.463567E-0002  1.426276E-0001  4.419746E-0001  6.166067E-0001  5.890188E-0001  1.419022E-0001  2.102051E-0001  1.110518E-0002  1.970936E-0001  1.980017E-0001  4.756823E-0001  7.069397E-0001  2.824345E-0001  2.870789E-0001  9.217377E-0001  2.492213E-0001  5.539775E-0001  1.168913E+0000  1.753698E+0000  2.433953E+0000  5.645561E-0001  6.850615E-0001  8.339686E-0001  9.202099E-0001  1.183804E-0001  1.469656E-0001  1.344225E-0001  1.409102E-0001  3.831232E-0002  1.222525E-0001  1.505208E-0002  1.886823E-0001  1.830885E-0001  2.395895E-0001  1.020726E-0001  1.113850E-0001  1.515229E-0001  1.226370E-0001  7.197547E-0002  1.541888E-0001  1.724517E-0001  1.905855E-0001  2.208972E-0002  1.194262E-0001  1.936069E-0001  1.440845E-0001  2.119472E-0001  1.288400E-0001  1.188275E-0001  7.873952E-0003  1.620342E-0001  1.795772E-0001  3.232512E-0001  1.467572E-0001  1.386101E-0001  5.548751E-0002  1.176369E-0001  5.614305E-0002  2.210528E-0001  2.078516E-0001  1.786208E-0001  1.069010E-0001  9.778345E-0002  1.188651E-0001  1.550756E-0001  2.025592E-0001
  2.121744E-0001  3.196726E-0001  2.251353E-0001  2.050219E-0001  5.617315E-0002  1.414564E-0001  5.534625E-0002  1.649728E-0001  2.159193E-0001  5.196338E-0001  5.865798E-0001  7.455139E-0001  3.150065E-0001  3.233445E-0001  3.011446E-0001  4.767132E-0001  0.000000E+0000  1.020285E+0000  2.769268E-0002  1.263229E-0001  3.637710E-0001  1.814737E-0001  3.455515E-0001  1.068929E-0001  1.691818E-0001  1.313492E-0002  2.140296E-0001  2.091295E-0001  3.132849E-0001  2.727051E-0001  1.956997E-0001  3.033409E-0001  9.706945E-0001  2.858200E-0001  5.038867E-0001  5.503674E-0001  1.479635E+0000  1.318262E+0000  7.044754E-0001  7.236652E-0001  7.675490E-0001  6.644516E-0001  1.315581E-0001  1.628754E-0001  1.365067E-0001  1.380105E-0001  4.219544E-0002  1.005203E-0001  1.955611E-0002  1.698940E-0001  1.682518E-0001  2.805243E-0001  1.019940E-0001  1.041349E-0001  1.519717E-0001  1.181241E-0001  6.704666E-0002  1.387434E-0001  1.568499E-0001  1.868477E-0001  2.623284E-0002  1.053416E-0001  2.021942E-0001  1.330130E-0001  1.801932E-0001  1.110065E-0001  1.085423E-0001  1.443409E-0002  1.768305E-0001  1.948586E-0001  2.357523E-0001  1.357592E-0001  1.285076E-0001  5.881757E-0002  1.041935E-0001  5.751717E-0002  2.324196E-0001  2.037570E-0001  1.808911E-0001  1.027818E-0001  9.462035E-0002  1.138300E-0001  1.430955E-0001  2.023888E-0001
  2.155828E-0001  4.275947E-0001  2.645922E-0001  2.069099E-0001  5.158475E-0002  1.044178E-0001  5.763963E-0002  1.384019E-0001  2.047861E-0001  3.559260E-0001  3.365195E-0001  3.952217E-0001  2.046752E-0001  2.030082E-0001  2.310665E-0001  1.527842E+0000  1.020285E+0000  0.000000E+0000  3.952950E-0002  1.030188E-0001  2.645888E-0001  1.311088E-0001  3.112292E-0001  9.721369E-0002  1.258942E-0001  2.201137E-0002  2.141515E-0001  2.065642E-0001  2.591116E-0001  2.683434E-0001  3.818302E-0001  3.635015E-0001  6.527834E-0001  2.498627E-0001  6.715908E-0001  3.223801E-0001  2.689796E+0000  2.213642E+0000  6.246777E-0001  3.876386E-0001  3.782754E-0001  3.655148E-0001  1.288600E-0001  1.525906E-0001  1.291708E-0001  1.263601E-0001  3.990597E-0002  7.458639E-0002  2.053466E-0002  1.443408E-0001  1.643548E-0001  2.804651E-0001  1.146436E-0001  8.413780E-0002  1.378784E-0001  1.079817E-0001  6.185299E-0002  1.169108E-0001  1.272020E-0001  1.586974E-0001  3.380695E-0002  7.789576E-0002  2.024045E-0001  1.242031E-0001  1.675113E-0001  1.021690E-0001  9.655058E-0002  2.021268E-0002  1.724231E-0001  1.928104E-0001  2.036523E-0001  1.235581E-0001  1.143944E-0001  6.032094E-0002  8.533311E-0002  6.319317E-0002  2.145005E-0001  1.771882E-0001  1.622499E-0001  8.157051E-0002  8.306944E-0002  1.141706E-0001  1.398299E-0001  1.866493E-0001
  5.014658E-0002  5.002940E-0002  4.490125E-0002  4.359269E-0002  4.412746E-0002  2.145922E-0002  3.623176E-0002  3.054219E-0002  3.808132E-0002  2.665159E-0002  2.882209E-0002  2.996749E-0002  4.052353E-0002  3.869128E-0002  3.974712E-0002  2.463567E-0002  2.769268E-0002  3.952950E-0002  0.000000E+0000  1.614821E-0002  2.886564E-0002  3.822887E-0002  3.122294E-0002  3.649282E-0002  4.514265E-0002  2.967834E-0002  4.012409E-0002  3.448167E-0002  2.534413E-0002  3.425753E-0002  2.895993E-0002  3.094012E-0002  2.043912E-0002  4.232562E-0002  4.336512E-0002  4.824126E-0002  4.154679E-0002  3.598180E-0002  3.070718E-0002  3.432781E-0002  4.673943E-0002  2.243879E-0002  3.125203E-0002  3.469247E-0002  3.467458E-0002  3.515375E-0002  4.152179E-0002  2.202046E-0002  2.487493E-0002  2.807218E-0002  3.248540E-0002  2.320287E-0002  1.739946E-0002  9.302378E-0003  2.802107E-0002  2.209176E-0002  1.450040E-0002  1.945740E-0002  1.765150E-0002  2.234179E-0002  1.778221E-0002  1.704395E-0002  1.874453E-0002  1.822519E-0002  1.692379E-0002  2.702713E-0002  2.485466E-0002  2.145147E-0002  3.797773E-0002  3.367224E-0002  1.723450E-0002  1.734698E-0002  1.812410E-0002  2.586755E-0002  1.252967E-0002  1.807535E-0002  4.059511E-0002  2.991599E-0002  2.812490E-0002  1.482325E-0002  1.149064E-0002  2.162713E-0002  2.947652E-0002  1.901668E-0002
  3.986216E-0002  4.668093E-0002  4.161978E-0002  4.067373E-0002  4.939961E-0002  4.028320E-0002  5.375969E-0002  9.579754E-0002  3.424072E-0002  1.053205E-0001  1.076946E-0001  1.124558E-0001  1.485293E-0001  1.482707E-0001  1.321445E-0001  1.426276E-0001  1.263229E-0001  1.030188E-0001  1.614821E-0002  0.000000E+0000  1.099786E-0001  1.105212E-0001  1.649901E-0001  1.026980E-0001  1.374214E-0001  1.861733E-0002  8.582711E-0002  1.018900E-0001  1.225752E-0001  1.684504E-0001  1.453544E-0001  8.878884E-0002  9.865969E-0002  1.034488E-0001  8.465052E-0002  9.798437E-0002  9.542453E-0002  7.849312E-0002  8.027685E-0002  8.086264E-0002  9.913564E-0002  7.976425E-0002  1.031425E-0001  1.097390E-0001  1.000624E-0001  1.028485E-0001  5.688643E-0002  9.329486E-0002  4.241192E-0002  1.017084E-0001  7.046652E-0002  5.646071E-0002  6.725550E-0002  1.966161E-0002  1.031970E-0001  7.715300E-0002  2.665275E-0002  3.574473E-0002  2.207017E-0002  5.848533E-0002  2.540809E-0002  1.726131E-0001  1.387937E-0001  8.804852E-0002  1.019628E-0001  7.497841E-0002  5.715382E-0002  3.420717E-0002  1.083495E-0001  1.284049E-0001  1.238722E-0001  7.102168E-0002  5.621541E-0002  4.881930E-0002  1.592726E-0002  4.004687E-0002  1.247198E-0001  9.371878E-0002  8.126819E-0002  3.446847E-0002  1.643115E-0002  2.634066E-0002  3.736001E-0002  4.738015E-0002
  9.677273E-0002  1.243071E-0001  1.221929E-0001  1.118370E-0001  2.159128E-0002  1.145786E-0001  4.307371E-0002  2.130394E-0001  2.679667E-0001  1.556139E-0001  1.839752E-0001  3.182988E-0001  1.218748E-0001  1.199379E-0001  1.144419E-0001  4.419746E-0001  3.637710E-0001  2.645888E-0001  2.886564E-0002  1.099786E-0001  0.000000E+0000  1.282696E-0001  5.432305E-0001  1.320091E-0001  1.508831E-0001  1.992022E-0002  2.060051E-0001  1.865482E-0001  5.388355E-0001  2.561255E-0001  2.484179E-0001  1.444054E-0001  6.647491E-0001  8.151168E-0002  1.950024E-0001  2.240274E-0001  2.551370E-0001  2.744141E-0001  3.029003E-0001  4.575167E-0001  2.615552E-0001  3.913488E-0001  1.191500E-0001  1.396540E-0001  1.373097E-0001  1.438710E-0001  2.487551E-0002  1.183878E-0001  1.862369E-0002  2.078161E-0001  2.678013E-0001  2.951703E-0001  3.380604E-0001  1.998692E-0001  1.366480E-0001  1.217465E-0001  6.248853E-0002  2.024163E-0001  2.719326E-0001  2.310274E-0001  2.067921E-0002  9.292114E-0002  2.226076E-0001  1.290894E-0001  1.655843E-0001  1.316948E-0001  1.253226E-0001  1.558627E-0002  1.953721E-0001  2.047768E-0001  2.126198E-0001  1.558490E-0001  1.610731E-0001  4.865400E-0002  2.114172E-0001  4.578543E-0002  1.785039E-0001  2.002176E-0001  1.972869E-0001  1.454341E-0001  1.914444E-0001  1.844306E-0001  1.498570E-0001  2.492371E-0001
  1.378627E-0001  1.419058E-0001  8.348262E-0002  7.573688E-0002  3.986382E-0002  6.799453E-0002  3.362072E-0002  1.408961E-0001  1.985235E-0001  1.525879E-0001  1.383613E-0001  1.295753E-0001  6.302500E-0002  7.202959E-0002  1.063964E-0001  6.166067E-0001  1.814737E-0001  1.311088E-0001  3.822887E-0002  1.105212E-0001  1.282696E-0001  0.000000E+0000  3.101010E-0001  1.386747E-0001  1.164970E-0001  1.372087E-0002  1.656492E-0001  1.639811E-0001  1.686528E-0001  5.843153E-0001  9.759254E-0001  2.593679E-0001  2.358904E-0001  1.652420E-0001  2.010751E-0001  1.524854E-0001  1.396415E-0001  1.527064E-0001  1.650219E-0001  1.906600E-0001  1.650983E-0001  1.867790E-0001  2.409351E-0002  2.959800E-0002  3.021884E-0002  3.252703E-0002  1.882684E-0002  2.468848E-0002  9.964466E-0003  1.261873E-0001  1.290017E-0001  1.441386E-0001  9.222889E-0002  7.213938E-0002  5.452621E-0002  6.001043E-0002  5.256146E-0002  1.031748E-0001  1.061582E-0001  6.294107E-0002  3.130358E-0002  7.860434E-0002  9.153068E-0002  1.068470E-0001  1.621320E-0001  1.290424E-0001  1.004955E-0001  8.781314E-0003  1.295037E-0001  1.401742E-0001  1.610374E-0001  1.028192E-0001  9.733355E-0002  3.971589E-0002  1.087144E-0001  4.078341E-0002  6.107128E-0002  5.950272E-0002  4.353446E-0002  3.264034E-0002  1.012448E-0001  1.308043E-0001  1.484647E-0001  1.490760E-0001
  1.708844E-0001  1.970177E-0001  1.443621E-0001  1.390826E-0001  3.032994E-0002  1.338065E-0001  4.088038E-0002  1.859534E-0001  2.584816E-0001  3.206692E-0001  4.802213E-0001  4.450951E-0001  1.480844E-0001  1.419151E-0001  1.324840E-0001  5.890188E-0001  3.455515E-0001  3.112292E-0001  3.122294E-0002  1.649901E-0001  5.432305E-0001  3.101010E-0001  0.000000E+0000  1.330202E-0001  1.429274E-0001  1.497674E-0002  2.217342E-0001  2.128808E-0001  9.979744E-0001  3.120613E-0001  2.599249E-0001  1.975393E-0001  1.486241E+0000  1.145169E-0001  2.942867E-0001  3.142128E-0001  3.087420E-0001  3.307481E-0001  3.802223E-0001  4.763780E-0001  3.738823E-0001  9.389362E-0001  1.072628E-0001  1.343015E-0001  1.286602E-0001  1.364241E-0001  2.557135E-0002  1.202187E-0001  6.696403E-0003  2.119589E-0001  2.025998E-0001  1.904497E-0001  1.048613E-0001  1.250955E-0001  1.303270E-0001  1.107571E-0001  5.998266E-0002  2.066474E-0001  2.021374E-0001  1.970679E-0001  3.346729E-0002  1.396350E-0001  1.444602E-0001  1.881456E-0001  3.190594E-0001  1.407843E-0001  1.202732E-0001  9.227335E-0003  1.777047E-0001  1.836030E-0001  3.535271E-0001  2.211533E-0001  2.002289E-0001  4.233158E-0002  1.362402E-0001  4.530323E-0002  2.139634E-0001  2.346116E-0001  1.745362E-0001  1.070851E-0001  1.163667E-0001  1.458558E-0001  1.851325E-0001  1.847016E-0001
  8.430040E-0002  8.702850E-0002  6.415963E-0002  5.730164E-0002  3.144026E-0002  6.663600E-0002  3.678751E-0002  1.120545E-0001  1.815860E-0001  1.301597E-0001  1.257067E-0001  1.005644E-0001  6.741762E-0002  6.298780E-0002  5.904150E-0002  1.419022E-0001  1.068929E-0001  9.721369E-0002  3.649282E-0002  1.026980E-0001  1.320091E-0001  1.386747E-0001  1.330202E-0001  0.000000E+0000  5.387497E-0002  2.336240E-0002  1.403315E-0001  1.380863E-0001  1.099146E-0001  1.574633E-0001  1.541083E-0001  1.080081E-0001  1.333382E-0001  8.676910E-0002  1.052583E-0001  9.884691E-0002  1.005247E-0001  1.200964E-0001  1.276142E-0001  1.371081E-0001  1.492212E-0001  1.403683E-0001  1.953101E-0002  2.201742E-0002  2.272594E-0002  2.560216E-0002  2.440786E-0002  2.852014E-0002  1.704001E-0002  9.200937E-0002  9.195668E-0002  1.272896E-0001  8.614153E-0002  6.125358E-0002  4.514289E-0002  3.815699E-0002  2.274740E-0002  8.864605E-0002  9.676516E-0002  6.285053E-0002  2.463365E-0002  6.442541E-0002  8.307683E-0002  6.677866E-0002  7.892036E-0002  6.110287E-0002  4.787922E-0002  1.913476E-0002  1.108414E-0001  1.115044E-0001  8.373380E-0002  7.480669E-0002  7.763529E-0002  4.074025E-0002  8.102703E-0002  2.553278E-0002  4.271352E-0002  6.335247E-0002  4.638636E-0002  3.470144E-0002  8.519489E-0002  1.051180E-0001  1.109346E-0001  1.166264E-0001
  9.724927E-0002  9.344459E-0002  7.117724E-0002  6.397748E-0002  4.054117E-0002  8.670437E-0002  4.771280E-0002  1.486402E-0001  2.366775E-0001  1.764831E-0001  1.596832E-0001  1.222206E-0001  1.206121E-0001  1.072692E-0001  8.392811E-0002  2.102051E-0001  1.691818E-0001  1.258942E-0001  4.514265E-0002  1.374214E-0001  1.508831E-0001  1.164970E-0001  1.429274E-0001  5.387497E-0002  0.000000E+0000  2.711821E-0002  1.798849E-0001  1.866637E-0001  1.290609E-0001  1.390321E-0001  1.702914E-0001  1.717997E-0001  1.699182E-0001  1.274672E-0001  1.249733E-0001  1.092774E-0001  1.266010E-0001  1.421045E-0001  1.519243E-0001  1.637882E-0001  1.889770E-0001  1.694566E-0001  1.936281E-0002  2.221203E-0002  1.927716E-0002  2.108741E-0002  1.947045E-0002  2.899033E-0002  1.516056E-0002  1.220819E-0001  1.221234E-0001  1.649770E-0001  9.549266E-0002  7.963647E-0002  5.361843E-0002  4.272056E-0002  2.788782E-0002  1.039145E-0001  1.149423E-0001  7.052135E-0002  2.266073E-0002  7.919514E-0002  1.087865E-0001  8.155692E-0002  1.050406E-0001  5.578756E-0002  4.680204E-0002  1.414555E-0002  1.293688E-0001  1.486037E-0001  1.062165E-0001  9.320188E-0002  9.373283E-0002  4.736805E-0002  9.791362E-0002  3.032231E-0002  4.349089E-0002  6.351155E-0002  4.826847E-0002  4.457621E-0002  1.159445E-0001  1.428258E-0001  1.509882E-0001  1.459552E-0001
  5.278301E-0002  4.376197E-0002  3.555202E-0002  3.458524E-0002  2.798271E-0002  2.043486E-0002  5.297661E-0002  1.474988E-0002  2.899593E-0002  2.063039E-0002  1.836093E-0002  2.986482E-0002  2.636576E-0002  2.730250E-0002  3.972626E-0002  1.110518E-0002  1.313492E-0002  2.201137E-0002  2.967834E-0002  1.861733E-0002  1.992022E-0002  1.372087E-0002  1.497674E-0002  2.336240E-0002  2.711821E-0002  0.000000E+0000  2.003711E-0002  1.870835E-0002  1.730788E-0002  1.595616E-0002  1.437425E-0002  1.709867E-0002  1.753266E-0002  4.825592E-0002  3.462625E-0002  2.225450E-0002  2.716920E-0002  3.997794E-0002  3.460056E-0002  2.807543E-0002  3.118509E-0002  1.647501E-0002  1.256012E-0002  1.353347E-0002  1.347035E-0002  1.337724E-0002  2.328539E-0002  1.512807E-0002  1.277780E-0002  1.169043E-0002  9.758204E-0003  1.067200E-0002  1.483942E-0002  5.148143E-0003  1.422607E-0002  1.323437E-0002  1.283484E-0002  1.085174E-0002  1.015365E-0002  1.182103E-0002  2.308321E-0002  1.233515E-0002  1.931491E-0002  9.320617E-0003  1.440227E-0002  1.676154E-0002  1.620901E-0002  1.068973E-0002  1.334640E-0002  1.577716E-0002  1.606584E-0002  1.127404E-0002  1.086199E-0002  1.486277E-0002  5.000412E-0003  1.259684E-0002  2.342868E-0002  1.334554E-0002  1.445090E-0002  8.748472E-0003  5.927272E-0003  5.317003E-0003  6.250769E-0003  7.012933E-0003
  6.595904E-0002  8.470258E-0002  8.065170E-0002  7.404280E-0002  3.897142E-0002  9.819913E-0002  5.201867E-0002  5.627747E-0001  4.976444E-0001  2.064867E-0001  2.911148E-0001  1.692984E-0001  1.715212E-0001  1.679166E-0001  1.610529E-0001  1.970936E-0001  2.140296E-0001  2.141515E-0001  4.012409E-0002  8.582711E-0002  2.060051E-0001  1.656492E-0001  2.217342E-0001  1.403315E-0001  1.798849E-0001  2.003711E-0002  0.000000E+0000  2.621145E-0001  1.772006E-0001  2.098900E-0001  1.982552E-0001  1.863114E-0001  1.777418E-0001  1.334611E-0001  1.671048E-0001  2.144889E-0001  2.086643E-0001  1.749549E-0001  1.893175E-0001  2.661505E-0001  2.605376E-0001  1.495833E-0001  1.646330E-0001  1.749936E-0001  1.485745E-0001  1.449929E-0001  4.598817E-0002  1.004737E-0001  3.510895E-0002  2.854528E-0001  2.642288E-0001  2.452593E-0001  3.638668E-0001  1.206882E-0001  1.533871E-0001  1.199514E-0001  5.116722E-0002  1.376771E-0001  1.538575E-0001  1.788467E-0001  2.826513E-0002  4.448855E-0002  4.634199E-0001  1.441747E-0001  1.937068E-0001  1.304834E-0001  1.101274E-0001  2.814803E-0002  1.032137E+0000  1.393948E-0001  2.369641E-0001  1.458619E-0001  1.339878E-0001  6.407994E-0002  1.154024E-0001  5.744129E-0002  2.255604E-0001  1.879185E-0001  1.819814E-0001  1.188233E-0001  1.117570E-0001  1.082813E-0001  1.423750E-0001  2.174292E-0001
  6.432426E-0002  8.666623E-0002  8.735269E-0002  7.856977E-0002  3.886634E-0002  9.676886E-0002  5.421603E-0002  2.415504E-0001  3.048401E-0001  1.549935E-0001  2.887192E-0001  1.703058E-0001  1.705201E-0001  1.654648E-0001  1.552088E-0001  1.980017E-0001  2.091295E-0001  2.065642E-0001  3.448167E-0002  1.018900E-0001  1.865482E-0001  1.639811E-0001  2.128808E-0001  1.380863E-0001  1.866637E-0001  1.870835E-0002  2.621145E-0001  0.000000E+0000  1.825833E-0001  1.966480E-0001  1.854460E-0001  1.841452E-0001  1.632214E-0001  1.239308E-0001  1.749830E-0001  2.095091E-0001  2.007672E-0001  1.573137E-0001  1.423407E-0001  1.564574E-0001  1.477575E-0001  1.412253E-0001  1.523498E-0001  1.686235E-0001  1.500273E-0001  1.521609E-0001  4.554775E-0002  1.100373E-0001  3.436482E-0002  2.519994E-0001  2.456794E-0001  1.351094E-0001  1.632447E-0001  1.196808E-0001  1.532124E-0001  1.218807E-0001  5.269554E-0002  1.405168E-0001  1.603408E-0001  1.869977E-0001  1.943696E-0002  5.756688E-0002  4.367838E-0001  1.389711E-0001  1.845443E-0001  1.223510E-0001  1.083323E-0001  2.459836E-0002  5.656385E-0001  7.352028E-0001  2.556560E-0001  1.453515E-0001  1.367072E-0001  6.538849E-0002  1.094964E-0001  5.704293E-0002  2.113801E-0001  1.922778E-0001  1.863958E-0001  1.245192E-0001  1.061115E-0001  9.320474E-0002  9.683132E-0002  1.513052E-0001
  1.264076E-0001  1.502633E-0001  1.178174E-0001  1.110526E-0001  2.128375E-0002  1.052310E-0001  3.947288E-0002  1.462989E-0001  1.979375E-0001  2.062283E-0001  3.505907E-0001  3.307257E-0001  1.219969E-0001  1.209504E-0001  1.166496E-0001  4.756823E-0001  3.132849E-0001  2.591116E-0001  2.534413E-0002  1.225752E-0001  5.388355E-0001  1.686528E-0001  9.979744E-0001  1.099146E-0001  1.290609E-0001  1.730788E-0002  1.772006E-0001  1.825833E-0001  0.000000E+0000  3.041592E-0001  2.392316E-0001  1.561862E-0001  1.213496E+0000  9.605509E-0002  2.234631E-0001  2.525263E-0001  2.511644E-0001  2.640600E-0001  3.517570E-0001  5.492344E-0001  2.446532E-0001  9.143515E-0001  1.149827E-0001  1.380345E-0001  1.283475E-0001  1.341981E-0001  2.594584E-0002  1.092784E-0001  1.492452E-0002  1.706963E-0001  1.886544E-0001  1.579242E-0001  1.120207E-0001  1.340928E-0001  1.215915E-0001  1.057564E-0001  5.209795E-0002  3.010449E-0001  3.063073E-0001  2.379615E-0001  2.642149E-0002  1.131316E-0001  1.393142E-0001  1.368976E-0001  2.600107E-0001  1.131217E-0001  1.041751E-0001  1.454860E-0002  1.627071E-0001  1.777899E-0001  2.470274E-0001  2.756720E-0001  2.767010E-0001  3.688407E-0002  1.557086E-0001  3.947634E-0002  1.836144E-0001  2.393398E-0001  1.969440E-0001  1.197921E-0001  1.194107E-0001  1.340373E-0001  1.539323E-0001  1.798694E-0001
