6661999 = Ignore first line (new format code)
File name: C:\Users\sxv140030\Desktop\Data_DR._V\EEG\AELBRECHT_MICHAEL_PT_BIL_128_ICON-ROIlinLagConn.txt
1 = Number of time frames in Time X Frequency decomposition
135 = Number of EEG files
84 = Number Electrodes
256 = Number of time frames in EEG files
256 = Number of time frames in EEG files power of 2
5 = Number of matrices
5 = Band type (1=Classical1; 2=Classical2; 3=DiscreteFreqs; 4=AllDiscreteFreqs; 5=UserDefinedBands)
 1.280000E+0002 = Sampling rate Hz
-1.000000E+0002 = Freq1 Hz
-1.000000E+0002 = Freq2 Hz
 5.000000E-0001 = Frequency resolution Hz

  0.000000E+0000  1.240043E-0001  5.077171E-0001  3.922682E-0001  1.305103E-0001  1.407490E-0001  1.795607E-0001  6.404209E-0002  8.891666E-0002  6.978834E-0002  7.877827E-0002  1.250381E-0001  5.388646E-0002  5.345619E-0002  7.235503E-0002  6.196237E-0002  6.908798E-0002  9.338403E-0002  3.995681E-0002  6.058419E-0002  6.467789E-0002  4.032803E-0002  7.384944E-0002  1.854914E-0002  3.360623E-0002  8.257294E-0002  5.200928E-0002  6.172180E-0002  7.373029E-0002  5.774152E-0002  5.490327E-0002  6.793928E-0002  6.027818E-0002  2.342997E-0001  1.587400E-0001  1.019144E-0001  1.169033E-0001  1.811256E-0001  6.860352E-0002  6.071806E-0002  9.600186E-0002  6.033695E-0002  9.802008E-0002  9.863257E-0002  8.742595E-0002  8.095241E-0002  9.876752E-0002  1.051833E-0001  9.725666E-0002  8.078551E-0002  9.889054E-0002  4.549403E-0002  6.274006E-0002  5.184698E-0002  5.562262E-0002  5.681084E-0002  8.144292E-0002  4.111543E-0002  4.206121E-0002  4.705060E-0002  3.711480E-0002  6.508756E-0002  5.816561E-0002  3.997418E-0002  3.985533E-0002  1.772362E-0002  2.987124E-0002  6.925893E-0002  4.303956E-0002  6.219554E-0002  4.440269E-0002  4.274639E-0002  4.168120E-0002  7.616037E-0002  4.444727E-0002  9.740233E-0002  1.074433E-0001  5.017075E-0002  4.595572E-0002  5.511540E-0002  4.465723E-0002  4.580241E-0002  5.999613E-0002  4.285036E-0002
  1.240043E-0001  0.000000E+0000  1.576949E+0000  9.917536E-0001  1.395741E-0001  2.193418E-0001  1.598206E-0001  5.559254E-0002  7.750177E-0002  5.770957E-0002  6.545258E-0002  1.100637E-0001  5.402914E-0002  5.280322E-0002  7.851326E-0002  5.282927E-0002  5.965328E-0002  9.417295E-0002  5.580926E-0002  5.181229E-0002  5.436912E-0002  3.391743E-0002  6.538928E-0002  1.737106E-0002  3.087866E-0002  1.030533E-0001  4.315954E-0002  5.218399E-0002  6.527883E-0002  5.061674E-0002  4.721797E-0002  6.516480E-0002  5.067348E-0002  2.030771E-0001  2.289886E-0001  1.041264E-0001  1.395063E-0001  2.358842E-0001  6.442559E-0002  5.306315E-0002  8.086705E-0002  4.938841E-0002  9.870648E-0002  9.872973E-0002  8.837652E-0002  8.159745E-0002  9.655190E-0002  1.100045E-0001  9.769905E-0002  7.078850E-0002  9.182101E-0002  4.153313E-0002  6.476919E-0002  4.979905E-0002  5.451426E-0002  5.524783E-0002  7.936370E-0002  3.730491E-0002  3.867733E-0002  4.382220E-0002  4.822505E-0002  5.532205E-0002  5.322140E-0002  3.381544E-0002  3.524405E-0002  1.731700E-0002  3.039154E-0002  7.689649E-0002  3.795695E-0002  5.345207E-0002  4.054159E-0002  3.631961E-0002  3.562379E-0002  7.148898E-0002  4.376160E-0002  9.945172E-0002  1.133921E-0001  4.541117E-0002  4.406279E-0002  5.428755E-0002  4.544398E-0002  4.775485E-0002  6.107628E-0002  4.416387E-0002
  5.077171E-0001  1.576949E+0000  0.000000E+0000  2.570076E-0001  1.836925E-0001  2.147121E-0001  1.743922E-0001  4.294753E-0002  3.232193E-0002  3.581572E-0002  4.606605E-0002  6.960154E-0002  1.815021E-0002  2.091855E-0002  8.898079E-0002  5.476898E-0002  6.171590E-0002  8.778787E-0002  7.668257E-0002  7.075810E-0002  5.894339E-0002  3.871918E-0002  5.259871E-0002  1.485157E-0002  2.597409E-0002  1.147029E-0001  3.004050E-0002  3.816032E-0002  5.657995E-0002  4.481292E-0002  4.981941E-0002  7.929558E-0002  3.993762E-0002  1.549763E-0001  4.316635E-0001  1.061618E-0001  1.073732E-0001  1.038594E-0001  4.918659E-0002  4.609537E-0002  4.196572E-0002  4.245180E-0002  8.721924E-0002  9.251642E-0002  5.643559E-0002  4.816437E-0002  1.354558E-0001  1.155588E-0001  1.555929E-0001  4.612541E-0002  4.452151E-0002  4.248947E-0002  5.721039E-0002  2.975363E-0002  1.056489E-0002  8.524716E-0003  4.164995E-0002  3.127623E-0002  3.131592E-0002  3.832024E-0002  8.422399E-0002  6.955361E-0002  4.907399E-0002  3.790927E-0002  3.218663E-0002  1.369163E-0002  1.364086E-0002  1.346983E-0001  3.468311E-0002  3.935599E-0002  3.740609E-0002  3.737652E-0002  3.439346E-0002  6.415230E-0002  3.093427E-0002  1.137863E-0001  1.313760E-0001  6.181091E-0002  4.280096E-0002  3.266960E-0002  2.907908E-0002  3.580922E-0002  4.749113E-0002  3.348839E-0002
  3.922682E-0001  9.917536E-0001  2.570076E-0001  0.000000E+0000  1.548567E-0001  1.426916E-0001  1.658564E-0001  4.322457E-0002  3.893137E-0002  3.881371E-0002  5.211926E-0002  7.601237E-0002  1.769954E-0002  2.044219E-0002  8.292085E-0002  5.842847E-0002  6.735915E-0002  9.198809E-0002  6.855440E-0002  6.838560E-0002  6.633580E-0002  3.834760E-0002  5.538070E-0002  1.428532E-0002  2.613014E-0002  1.067526E-0001  3.305149E-0002  4.137480E-0002  6.069285E-0002  4.574561E-0002  5.262780E-0002  8.019137E-0002  4.502708E-0002  1.567662E-0001  3.856835E-0001  1.036093E-0001  1.082317E-0001  1.129102E-0001  5.063701E-0002  4.695213E-0002  4.389739E-0002  4.685014E-0002  8.603692E-0002  9.191573E-0002  5.163407E-0002  4.212856E-0002  1.282403E-0001  1.075992E-0001  1.512773E-0001  4.122376E-0002  4.065549E-0002  3.964642E-0002  5.633742E-0002  2.762085E-0002  9.619325E-0003  8.485347E-0003  4.256901E-0002  2.993375E-0002  3.031626E-0002  3.849018E-0002  7.976162E-0002  6.609058E-0002  5.140132E-0002  3.817242E-0002  3.152335E-0002  1.386329E-0002  1.461710E-0002  1.296152E-0001  3.449452E-0002  4.095161E-0002  3.665221E-0002  3.708893E-0002  3.395250E-0002  6.719799E-0002  3.028542E-0002  1.133688E-0001  1.290480E-0001  6.303474E-0002  4.366076E-0002  3.103495E-0002  2.478755E-0002  3.055146E-0002  4.235747E-0002  3.192094E-0002
  1.305103E-0001  1.395741E-0001  1.836925E-0001  1.548567E-0001  0.000000E+0000  1.817074E-0001  3.047619E-0001  1.560655E-0001  1.549848E-0001  9.397011E-0002  7.415658E-0002  8.302587E-0002  1.266486E-0001  1.204535E-0001  1.207585E-0001  3.313810E-0002  2.203465E-0002  6.538147E-0002  2.775979E-0002  1.130104E-0001  4.623568E-0002  3.657898E-0002  4.973149E-0002  4.515800E-0002  5.871099E-0002  5.275488E-0002  9.279910E-0002  1.087180E-0001  4.363829E-0002  4.444923E-0002  3.777060E-0002  3.512633E-0002  2.446800E-0002  1.437778E-0001  2.039046E-0001  6.097949E-0002  8.461475E-0002  9.886700E-0002  4.899460E-0002  7.659799E-0002  1.313463E-0001  4.682541E-0002  1.306045E-0001  1.264122E-0001  1.312857E-0001  1.296930E-0001  9.753609E-0002  1.402500E-0001  1.808624E-0001  1.361728E-0001  1.227029E-0001  5.317998E-0002  5.741596E-0002  5.931455E-0002  1.248565E-0001  1.200332E-0001  1.142161E-0001  4.151773E-0002  4.200777E-0002  6.623697E-0002  3.325200E-0002  1.092548E-0001  4.756099E-0002  5.622922E-0002  5.109575E-0002  4.885352E-0002  7.573286E-0002  5.141401E-0002  7.280973E-0002  1.048929E-0001  4.547763E-0002  5.790570E-0002  5.554175E-0002  9.233278E-0002  4.763424E-0002  1.252570E-0001  1.317806E-0001  5.095050E-0002  7.976598E-0002  1.056980E-0001  5.431223E-0002  5.195969E-0002  7.180849E-0002  4.082522E-0002
  1.407490E-0001  2.193418E-0001  2.147121E-0001  1.426916E-0001  1.817074E-0001  0.000000E+0000  1.857202E-0001  9.351540E-0002  1.052312E-0001  3.489637E-0002  4.703331E-0002  5.349088E-0002  3.395802E-0002  3.949708E-0002  9.474283E-0002  5.016774E-0002  6.108546E-0002  7.975864E-0002  5.388403E-0002  4.922104E-0002  5.863428E-0002  3.078610E-0002  4.114497E-0002  1.821706E-0002  3.162619E-0002  9.695196E-0002  4.691505E-0002  5.039287E-0002  4.364300E-0002  3.678024E-0002  4.601490E-0002  7.343051E-0002  3.653944E-0002  1.455557E-0001  1.910038E-0001  7.912123E-0002  8.690047E-0002  9.402895E-0002  3.932095E-0002  5.232048E-0002  7.213759E-0002  4.492712E-0002  8.984709E-0002  9.657037E-0002  6.450486E-0002  5.480385E-0002  1.352909E-0001  8.289623E-0002  1.622441E-0001  2.701545E-0002  2.066171E-0002  3.713322E-0002  4.563314E-0002  1.917946E-0002  2.146769E-0002  2.291539E-0002  5.485904E-0002  2.670905E-0002  2.745253E-0002  4.029906E-0002  7.434464E-0002  3.107691E-0002  3.419936E-0002  4.790798E-0002  3.044903E-0002  2.191249E-0002  2.660315E-0002  1.290547E-0001  3.299308E-0002  4.259872E-0002  2.942586E-0002  4.172438E-0002  3.707856E-0002  8.189119E-0002  2.451313E-0002  1.206272E-0001  1.284750E-0001  7.338285E-0002  4.992312E-0002  2.538127E-0002  1.603279E-0002  2.074310E-0002  2.901173E-0002  2.518836E-0002
  1.795607E-0001  1.598206E-0001  1.743922E-0001  1.658564E-0001  3.047619E-0001  1.857202E-0001  0.000000E+0000  1.243099E-0001  1.660159E-0001  9.998786E-0002  6.072891E-0002  9.982665E-0002  1.501923E-0001  1.359553E-0001  1.460690E-0001  2.671808E-0002  2.574408E-0002  6.456515E-0002  2.460670E-0002  6.590903E-0002  3.767341E-0002  3.818470E-0002  4.556942E-0002  5.762076E-0002  5.852485E-0002  4.609489E-0002  9.198278E-0002  1.002157E-0001  3.607506E-0002  4.262468E-0002  3.461552E-0002  3.024960E-0002  2.026439E-0002  2.587075E-0001  2.009010E-0001  6.381419E-0002  7.639140E-0002  1.020114E-0001  5.925095E-0002  6.925154E-0002  1.452641E-0001  3.851992E-0002  9.405637E-0002  8.312106E-0002  9.775031E-0002  9.724295E-0002  1.484413E-0001  1.332107E-0001  3.210783E-0001  1.005212E-0001  1.080811E-0001  4.094097E-0002  5.491543E-0002  4.597041E-0002  1.390800E-0001  1.276212E-0001  1.074942E-0001  3.062783E-0002  3.140494E-0002  4.975705E-0002  3.949571E-0002  7.099342E-0002  3.684920E-0002  4.824042E-0002  3.725234E-0002  6.622481E-0002  1.008007E-0001  6.061316E-0002  6.887886E-0002  9.586650E-0002  3.183278E-0002  4.374380E-0002  4.200357E-0002  7.723010E-0002  4.297820E-0002  9.816289E-0002  8.675170E-0002  3.359412E-0002  5.517866E-0002  8.310443E-0002  3.994288E-0002  3.543365E-0002  4.797246E-0002  3.759009E-0002
  6.404209E-0002  5.559254E-0002  4.294753E-0002  4.322457E-0002  1.560655E-0001  9.351540E-0002  1.243099E-0001  0.000000E+0000  7.760048E-0002  9.071398E-0002  7.913733E-0002  3.373671E-0002  3.363854E-0002  3.886729E-0002  7.010713E-0002  5.258143E-0002  4.568148E-0002  2.530867E-0002  3.769827E-0002  5.920029E-0002  6.060863E-0002  2.831972E-0002  3.349578E-0002  2.197888E-0002  2.791536E-0002  6.336629E-0002  5.580902E-0002  5.885887E-0002  5.297947E-0002  2.865398E-0002  4.202712E-0002  7.151642E-0002  7.916021E-0002  9.100568E-0002  7.080889E-0002  3.659743E-0002  1.901570E-0002  2.633059E-0002  6.713247E-0002  1.021161E-0001  1.623955E-0001  9.538174E-0002  9.201050E-0002  9.894916E-0002  6.158000E-0002  4.986429E-0002  1.252854E-0001  6.413913E-0002  1.319594E-0001  3.074265E-0002  2.390766E-0002  3.913879E-0002  3.769195E-0002  1.776063E-0002  2.780569E-0002  3.403059E-0002  6.574996E-0002  2.592564E-0002  2.893174E-0002  4.170215E-0002  6.217122E-0002  5.968618E-0002  4.396796E-0002  5.906850E-0002  3.364968E-0002  3.414829E-0002  4.045662E-0002  1.070020E-0001  4.326534E-0002  4.721594E-0002  3.766263E-0002  4.348516E-0002  3.838271E-0002  9.795588E-0002  2.987695E-0002  1.170186E-0001  1.221859E-0001  6.866765E-0002  5.092523E-0002  3.478062E-0002  1.526022E-0002  2.463222E-0002  3.322387E-0002  2.902877E-0002
  8.891666E-0002  7.750177E-0002  3.232193E-0002  3.893137E-0002  1.549848E-0001  1.052312E-0001  1.660159E-0001  7.760048E-0002  0.000000E+0000  1.696692E-0001  5.602503E-0002  5.417848E-0002  4.005200E-0002  4.140502E-0002  8.631802E-0002  5.500031E-0002  5.753505E-0002  4.384816E-0002  5.926102E-0002  6.570053E-0002  6.117749E-0002  2.482778E-0002  3.064489E-0002  2.456328E-0002  3.066796E-0002  1.058698E-0001  5.648327E-0002  3.612518E-0002  5.201983E-0002  2.621901E-0002  4.124916E-0002  8.167273E-0002  6.922722E-0002  1.194982E-0001  1.157890E-0001  6.172651E-0002  3.601897E-0002  4.054570E-0002  7.335663E-0002  1.192445E-0001  3.121557E-0001  6.953716E-0002  8.001339E-0002  9.291846E-0002  4.581234E-0002  3.660029E-0002  1.366056E-0001  5.081654E-0002  1.438778E-0001  3.644371E-0002  2.667809E-0002  5.294824E-0002  4.853249E-0002  1.461166E-0002  2.907497E-0002  3.038585E-0002  6.838623E-0002  1.793575E-0002  2.336413E-0002  3.168285E-0002  8.743063E-0002  6.040239E-0002  4.271233E-0002  4.129741E-0002  2.103657E-0002  3.538373E-0002  4.229760E-0002  1.378248E-0001  7.324839E-0002  3.690386E-0002  2.962983E-0002  2.402353E-0002  2.034265E-0002  8.189434E-0002  2.781391E-0002  1.353805E-0001  1.447897E-0001  5.737540E-0002  4.410085E-0002  2.682009E-0002  1.954973E-0002  3.021204E-0002  3.620172E-0002  3.009248E-0002
  6.978834E-0002  5.770957E-0002  3.581572E-0002  3.881371E-0002  9.397011E-0002  3.489637E-0002  9.998786E-0002  9.071398E-0002  1.696692E-0001  0.000000E+0000  5.595970E-0002  7.880020E-0002  5.111146E-0002  4.214716E-0002  4.344773E-0002  6.497717E-0002  7.002735E-0002  7.079816E-0002  1.849572E-0002  4.600263E-0002  9.172940E-0002  3.565919E-0002  3.685760E-0002  1.110577E-0002  2.406490E-0002  4.484959E-0002  4.612923E-0002  5.279112E-0002  5.977106E-0002  3.525567E-0002  5.063653E-0002  1.011161E-0001  8.083153E-0002  8.592594E-0002  6.754035E-0002  8.092356E-0002  6.886673E-0002  7.872772E-0002  1.171994E-0001  1.331358E-0001  5.737114E-0002  1.361971E-0001  6.818445E-0002  6.703338E-0002  5.299538E-0002  4.732648E-0002  9.622857E-0002  4.728693E-0002  8.797082E-0002  3.272939E-0002  3.888845E-0002  4.730606E-0002  5.848289E-0002  3.104079E-0002  3.387451E-0002  3.145403E-0002  5.726844E-0002  3.153813E-0002  3.218639E-0002  2.509391E-0002  2.551247E-0002  5.120909E-0002  6.055307E-0002  2.756941E-0002  3.331840E-0002  1.232254E-0002  2.417690E-0002  6.227459E-0002  4.571533E-0002  4.405069E-0002  4.205215E-0002  3.042543E-0002  2.932394E-0002  6.338757E-0002  3.903174E-0002  8.016622E-0002  7.651967E-0002  4.276085E-0002  2.786255E-0002  2.109921E-0002  3.907752E-0002  4.614854E-0002  4.123354E-0002  4.240990E-0002
  7.877827E-0002  6.545258E-0002  4.606605E-0002  5.211926E-0002  7.415658E-0002  4.703331E-0002  6.072891E-0002  7.913733E-0002  5.602503E-0002  5.595970E-0002  0.000000E+0000  1.031961E-0001  3.548837E-0002  2.894735E-0002  3.213286E-0002  1.023154E-0001  8.564377E-0002  8.454132E-0002  3.299308E-0002  5.929089E-0002  1.063351E-0001  4.562330E-0002  5.456400E-0002  1.550984E-0002  2.160692E-0002  3.923476E-0002  4.262614E-0002  4.537487E-0002  8.508110E-0002  4.710245E-0002  6.313252E-0002  8.699036E-0002  1.267805E-0001  5.281293E-0002  5.786437E-0002  9.348893E-0002  8.542943E-0002  9.675312E-0002  8.358574E-0002  6.027508E-0002  5.621910E-0002  1.155548E-0001  5.393255E-0002  4.940784E-0002  4.856119E-0002  4.747552E-0002  8.482558E-0002  5.702382E-0002  7.359904E-0002  4.406333E-0002  3.497756E-0002  3.249288E-0002  4.417777E-0002  4.976881E-0002  4.154313E-0002  3.971875E-0002  5.242872E-0002  4.142785E-0002  3.449523E-0002  1.853478E-0002  4.883420E-0002  5.757058E-0002  8.222413E-0002  5.320644E-0002  5.496120E-0002  2.163231E-0002  2.764511E-0002  7.068300E-0002  3.688490E-0002  4.278278E-0002  6.786776E-0002  4.866338E-0002  4.225993E-0002  5.697680E-0002  4.789591E-0002  6.223005E-0002  5.911696E-0002  2.910930E-0002  1.163736E-0002  2.078778E-0002  4.266965E-0002  3.608239E-0002  2.434337E-0002  4.983735E-0002
  1.250381E-0001  1.100637E-0001  6.960154E-0002  7.601237E-0002  8.302587E-0002  5.349088E-0002  9.982665E-0002  3.373671E-0002  5.417848E-0002  7.880020E-0002  1.031961E-0001  0.000000E+0000  6.065229E-0002  7.055643E-0002  1.032026E-0001  1.443005E-0001  1.437035E-0001  8.142471E-0002  5.351323E-0002  2.334678E-0002  8.566248E-0002  7.269096E-0002  8.673143E-0002  4.373902E-0002  6.413603E-0002  8.426094E-0002  3.864837E-0002  4.213500E-0002  8.492541E-0002  8.363199E-0002  1.103367E-0001  1.223440E-0001  1.152157E-0001  1.173178E-0001  1.086087E-0001  9.305668E-0002  5.716610E-0002  3.326607E-0002  5.955124E-0002  7.564068E-0002  7.528687E-0002  1.010747E-0001  1.528943E-0001  1.487645E-0001  1.111304E-0001  7.946974E-0002  1.080481E-0001  6.764340E-0002  1.081774E-0001  2.259070E-0002  5.616742E-0002  4.405683E-0002  7.046258E-0002  2.720547E-0002  4.127023E-0002  4.729930E-0002  9.722379E-0002  4.366475E-0002  3.465819E-0002  2.150285E-0002  4.626113E-0002  2.288336E-0002  6.727386E-0002  6.458354E-0002  5.916405E-0002  3.752947E-0002  4.256886E-0002  8.544555E-0002  3.605327E-0002  4.266936E-0002  6.147778E-0002  5.956936E-0002  5.439800E-0002  1.057320E-0001  5.659997E-0002  1.596086E-0001  1.583421E-0001  4.824233E-0002  1.809591E-0002  3.184700E-0002  2.344275E-0002  3.359693E-0002  5.619985E-0002  5.047369E-0002
  5.388646E-0002  5.402914E-0002  1.815021E-0002  1.769954E-0002  1.266486E-0001  3.395802E-0002  1.501923E-0001  3.363854E-0002  4.005200E-0002  5.111146E-0002  3.548837E-0002  6.065229E-0002  0.000000E+0000  2.022762E-0001  1.286640E-0001  5.849397E-0002  7.347894E-0002  7.769549E-0002  6.507158E-0002  2.724692E-0002  5.937183E-0002  7.560420E-0002  4.018748E-0002  4.345512E-0002  8.134460E-0002  1.201372E-0001  3.078905E-0002  3.044629E-0002  6.543469E-0002  5.594158E-0002  7.439148E-0002  1.126756E-0001  4.804409E-0002  1.188123E-0001  8.998489E-0002  8.995342E-0002  6.684327E-0002  5.307299E-0002  6.478900E-0002  5.023277E-0002  3.481770E-0002  4.445612E-0002  6.605145E-0002  7.091287E-0002  3.819342E-0002  2.835241E-0002  9.759086E-0002  3.405333E-0002  1.156454E-0001  2.733594E-0002  3.992507E-0002  4.637802E-0002  7.882094E-0002  3.021866E-0002  1.614323E-0001  1.302891E-0001  1.007585E-0001  4.758179E-0002  4.501563E-0002  3.936499E-0002  6.559825E-0002  2.394107E-0002  7.110095E-0002  7.025492E-0002  5.908358E-0002  3.836894E-0002  3.635979E-0002  9.437978E-0002  3.218788E-0002  3.070563E-0002  6.398916E-0002  6.098807E-0002  5.460197E-0002  8.600187E-0002  4.608393E-0002  1.347547E-0001  1.103191E-0001  5.786037E-0002  3.718305E-0002  3.236568E-0002  2.858275E-0002  3.337878E-0002  3.934473E-0002  4.601181E-0002
  5.345619E-0002  5.280322E-0002  2.091855E-0002  2.044219E-0002  1.204535E-0001  3.949708E-0002  1.359553E-0001  3.886729E-0002  4.140502E-0002  4.214716E-0002  2.894735E-0002  7.055643E-0002  2.022762E-0001  0.000000E+0000  1.276255E-0001  5.480480E-0002  7.805538E-0002  8.655775E-0002  6.764615E-0002  3.111789E-0002  5.843139E-0002  7.082701E-0002  3.762293E-0002  3.936148E-0002  7.438946E-0002  1.283481E-0001  2.982092E-0002  3.480816E-0002  7.656765E-0002  4.789925E-0002  6.913519E-0002  1.277599E-0001  4.888773E-0002  1.257095E-0001  8.721536E-0002  9.725201E-0002  7.531142E-0002  5.990285E-0002  7.337242E-0002  4.341698E-0002  2.871025E-0002  3.868747E-0002  5.207622E-0002  5.858415E-0002  3.145903E-0002  2.774951E-0002  9.121531E-0002  3.610948E-0002  1.009459E-0001  3.405169E-0002  4.130229E-0002  3.791046E-0002  6.810451E-0002  2.835211E-0002  1.471710E-0001  1.033620E-0001  6.352949E-0002  3.975844E-0002  3.989774E-0002  3.795719E-0002  6.126237E-0002  2.922830E-0002  7.668376E-0002  5.738389E-0002  4.665351E-0002  3.191996E-0002  2.955246E-0002  8.521616E-0002  3.054744E-0002  3.543895E-0002  5.497074E-0002  4.877734E-0002  4.368860E-0002  6.834280E-0002  3.689432E-0002  9.351707E-0002  9.453893E-0002  5.456236E-0002  3.686103E-0002  2.850628E-0002  2.519980E-0002  2.899539E-0002  3.423256E-0002  4.042244E-0002
  7.235503E-0002  7.851326E-0002  8.898079E-0002  8.292085E-0002  1.207585E-0001  9.474283E-0002  1.460690E-0001  7.010713E-0002  8.631802E-0002  4.344773E-0002  3.213286E-0002  1.032026E-0001  1.286640E-0001  1.276255E-0001  0.000000E+0000  3.673840E-0002  8.304405E-0002  1.277795E-0001  5.371833E-0002  4.399768E-0002  3.905642E-0002  4.113936E-0002  3.008962E-0002  2.840424E-0002  3.884411E-0002  1.216099E-0001  5.815226E-0002  6.987667E-0002  6.407881E-0002  2.356601E-0002  3.734589E-0002  1.162071E-0001  3.893006E-0002  1.417246E-0001  1.024844E-0001  1.358554E-0001  1.232190E-0001  9.887207E-0002  8.601570E-0002  3.230977E-0002  5.574214E-0002  2.034807E-0002  3.153878E-0002  3.689432E-0002  4.205579E-0002  5.342680E-0002  6.657222E-0002  6.939426E-0002  6.079435E-0002  6.704819E-0002  7.808673E-0002  2.577507E-0002  4.940736E-0002  2.812934E-0002  1.151657E-0001  9.213448E-0002  5.580580E-0002  2.305472E-0002  3.029558E-0002  4.113074E-0002  4.400480E-0002  4.804760E-0002  5.595779E-0002  2.590394E-0002  1.915157E-0002  2.455330E-0002  4.063010E-0002  5.641490E-0002  5.230170E-0002  7.161760E-0002  2.697027E-0002  2.319866E-0002  2.236834E-0002  3.722215E-0002  1.990372E-0002  1.937521E-0002  4.716682E-0002  4.264221E-0002  4.450105E-0002  3.707659E-0002  2.031988E-0002  2.178279E-0002  3.166169E-0002  2.731442E-0002
  6.196237E-0002  5.282927E-0002  5.476898E-0002  5.842847E-0002  3.313810E-0002  5.016774E-0002  2.671808E-0002  5.258143E-0002  5.500031E-0002  6.497717E-0002  1.023154E-0001  1.443005E-0001  5.849397E-0002  5.480480E-0002  3.673840E-0002  0.000000E+0000  6.797028E-0002  6.070166E-0001  1.481235E-0002  5.347788E-0002  9.745550E-0002  1.067085E-0001  2.703028E-0001  3.680372E-0002  4.333067E-0002  1.527744E-0002  5.237758E-0002  6.865084E-0002  2.310319E-0001  1.354046E-0001  1.477194E-0001  1.005611E-0001  7.977104E-0002  4.468489E-0002  4.184878E-0002  1.465731E-0001  6.029615E-0001  2.492733E-0001  7.748985E-0002  5.375910E-0002  5.717850E-0002  8.266497E-0002  6.722063E-0002  5.437064E-0002  7.829261E-0002  7.148474E-0002  4.769194E-0002  8.965927E-0002  3.838810E-0002  5.243838E-0002  5.010378E-0002  2.058172E-0002  3.974366E-0002  4.973745E-0002  5.789876E-0002  5.480605E-0002  5.495542E-0002  5.859125E-0002  4.430544E-0002  3.519285E-0002  1.312387E-0002  5.105400E-0002  7.012725E-0002  7.603431E-0002  6.295681E-0002  3.558159E-0002  4.396367E-0002  2.688116E-0002  4.731238E-0002  6.617838E-0002  5.668831E-0002  7.831216E-0002  7.469797E-0002  5.998313E-0002  4.928017E-0002  5.208254E-0002  3.850353E-0002  3.681540E-0002  2.678776E-0002  4.470217E-0002  3.034985E-0002  2.420425E-0002  2.896035E-0002  4.326868E-0002
  6.908798E-0002  5.965328E-0002  6.171590E-0002  6.735915E-0002  2.203465E-0002  6.108546E-0002  2.574408E-0002  4.568148E-0002  5.753505E-0002  7.002735E-0002  8.564377E-0002  1.437035E-0001  7.347894E-0002  7.805538E-0002  8.304405E-0002  6.797028E-0002  0.000000E+0000  2.103043E-0001  2.375638E-0002  5.431914E-0002  7.562637E-0002  7.998896E-0002  6.863880E-0002  5.088186E-0002  7.523918E-0002  2.690262E-0002  5.093384E-0002  7.103682E-0002  8.445072E-0002  6.419277E-0002  5.856323E-0002  1.169271E-0001  9.984875E-0002  8.221531E-0002  4.983377E-0002  9.543324E-0002  2.767258E-0001  4.016314E-0001  9.427118E-0002  7.273102E-0002  6.736898E-0002  8.899260E-0002  5.786163E-0002  5.055332E-0002  6.666404E-0002  6.185657E-0002  3.347471E-0002  7.984966E-0002  3.077132E-0002  5.234045E-0002  6.812298E-0002  3.258002E-0002  4.640388E-0002  4.032969E-0002  6.600505E-0002  6.419343E-0002  6.683111E-0002  4.223394E-0002  3.389859E-0002  2.773178E-0002  1.201558E-0002  5.182594E-0002  5.686545E-0002  4.701626E-0002  4.634237E-0002  3.645575E-0002  4.610586E-0002  1.744640E-0002  4.748291E-0002  7.198125E-0002  4.224205E-0002  5.133784E-0002  4.976451E-0002  5.767286E-0002  4.161608E-0002  6.934589E-0002  4.506457E-0002  2.495992E-0002  2.326632E-0002  3.869772E-0002  3.062999E-0002  3.195679E-0002  4.480493E-0002  4.063308E-0002
  9.338403E-0002  9.417295E-0002  8.778787E-0002  9.198809E-0002  6.538147E-0002  7.975864E-0002  6.456515E-0002  2.530867E-0002  4.384816E-0002  7.079816E-0002  8.454132E-0002  8.142471E-0002  7.769549E-0002  8.655775E-0002  1.277795E-0001  6.070166E-0001  2.103043E-0001  0.000000E+0000  5.193913E-0002  3.382385E-0002  8.134007E-0002  4.464912E-0002  5.929565E-0002  4.895997E-0002  8.677769E-0002  7.378745E-0002  3.690910E-0002  4.851764E-0002  6.634235E-0002  4.534101E-0002  4.694319E-0002  1.208705E-0001  1.474457E-0001  1.409845E-0001  9.558439E-0002  7.045937E-0002  9.151917E-0001  2.153339E-0001  7.242203E-0002  6.783724E-0002  7.192230E-0002  9.791756E-0002  8.571112E-0002  8.245224E-0002  7.946056E-0002  6.873214E-0002  6.570640E-0002  8.277589E-0002  6.026450E-0002  3.285763E-0002  7.154885E-0002  4.965639E-0002  6.831396E-0002  4.278857E-0002  6.050637E-0002  5.862674E-0002  8.359814E-0002  4.212010E-0002  3.832901E-0002  2.983928E-0002  3.081340E-0002  3.682199E-0002  6.031156E-0002  3.655547E-0002  4.328102E-0002  3.288889E-0002  4.084545E-0002  4.501972E-0002  3.890201E-0002  5.279703E-0002  4.365098E-0002  4.247957E-0002  4.211327E-0002  6.854582E-0002  5.358958E-0002  1.144450E-0001  9.600914E-0002  2.600944E-0002  2.805638E-0002  5.006397E-0002  4.648328E-0002  5.469668E-0002  7.577264E-0002  5.558419E-0002
  3.995681E-0002  5.580926E-0002  7.668257E-0002  6.855440E-0002  2.775979E-0002  5.388403E-0002  2.460670E-0002  3.769827E-0002  5.926102E-0002  1.849572E-0002  3.299308E-0002  5.351323E-0002  6.507158E-0002  6.764615E-0002  5.371833E-0002  1.481235E-0002  2.375638E-0002  5.193913E-0002  0.000000E+0000  3.058028E-0002  4.169738E-0002  4.329062E-0002  3.288317E-0002  6.072092E-0002  6.317949E-0002  4.621315E-0002  4.581887E-0002  4.186755E-0002  1.811516E-0002  4.231739E-0002  2.162671E-0002  9.743571E-0003  7.714719E-0003  2.814329E-0002  4.151297E-0002  4.599977E-0002  5.421281E-0002  5.401778E-0002  3.787906E-0002  4.570445E-0002  5.873087E-0002  3.179473E-0002  5.066025E-0002  5.771744E-0002  7.474279E-0002  8.085322E-0002  3.675342E-0002  8.108318E-0002  3.854012E-0002  3.779244E-0002  5.600375E-0002  3.136855E-0002  1.963377E-0002  4.635978E-0002  6.562310E-0002  6.605631E-0002  6.518769E-0002  3.390974E-0002  3.939009E-0002  5.341041E-0002  6.974506E-0002  3.332639E-0002  2.922094E-0002  4.018354E-0002  3.014421E-0002  6.037998E-0002  6.475019E-0002  5.348682E-0002  4.072595E-0002  3.941554E-0002  2.360487E-0002  3.553605E-0002  3.503954E-0002  4.473311E-0002  2.436131E-0002  5.117214E-0002  4.465461E-0002  3.466213E-0002  5.479413E-0002  6.804764E-0002  3.881562E-0002  2.725866E-0002  2.677882E-0002  1.912934E-0002
  6.058419E-0002  5.181229E-0002  7.075810E-0002  6.838560E-0002  1.130104E-0001  4.922104E-0002  6.590903E-0002  5.920029E-0002  6.570053E-0002  4.600263E-0002  5.929089E-0002  2.334678E-0002  2.724692E-0002  3.111789E-0002  4.399768E-0002  5.347788E-0002  5.431914E-0002  3.382385E-0002  3.058028E-0002  0.000000E+0000  5.597854E-0002  2.980328E-0002  4.452538E-0002  2.465093E-0002  2.587047E-0002  4.011381E-0002  4.785347E-0002  5.447197E-0002  4.087973E-0002  4.056299E-0002  4.567957E-0002  4.984593E-0002  4.051137E-0002  5.228016E-0002  5.051035E-0002  3.562599E-0002  2.626726E-0002  1.982105E-0002  2.370024E-0002  3.594565E-0002  4.379106E-0002  5.397558E-0002  1.107465E-0001  1.057522E-0001  9.035254E-0002  7.083082E-0002  1.097981E-0001  4.151201E-0002  7.148707E-0002  2.639008E-0002  1.726532E-0002  3.952789E-0002  3.061962E-0002  1.853883E-0002  2.202013E-0002  2.572563E-0002  3.994651E-0002  1.981771E-0002  1.641631E-0002  3.440493E-0002  4.728365E-0002  2.052116E-0002  2.849317E-0002  6.276399E-0002  3.405106E-0002  3.065437E-0002  2.811238E-0002  7.262743E-0002  3.483009E-0002  4.580116E-0002  3.217995E-0002  4.650319E-0002  3.852355E-0002  6.656277E-0002  1.961172E-0002  7.530613E-0002  9.175715E-0002  6.786215E-0002  4.837573E-0002  2.436256E-0002  1.157498E-0002  1.511097E-0002  1.849329E-0002  1.977718E-0002
  6.467789E-0002  5.436912E-0002  5.894339E-0002  6.633580E-0002  4.623568E-0002  5.863428E-0002  3.767341E-0002  6.060863E-0002  6.117749E-0002  9.172940E-0002  1.063351E-0001  8.566248E-0002  5.937183E-0002  5.843139E-0002  3.905642E-0002  9.745550E-0002  7.562637E-0002  8.134007E-0002  4.169738E-0002  5.597854E-0002  0.000000E+0000  5.842328E-0002  7.798862E-0002  5.213964E-0002  4.009187E-0002  4.041553E-0002  7.812881E-0002  6.147337E-0002  7.162666E-0002  6.766462E-0002  7.402778E-0002  7.124758E-0002  1.057958E-0001  2.265739E-0002  3.698975E-0002  7.972145E-0002  8.151889E-0002  8.732915E-0002  6.275034E-0002  5.273533E-0002  7.626915E-0002  9.125042E-0002  2.626818E-0002  2.289748E-0002  2.679962E-0002  2.802008E-0002  3.347921E-0002  4.222310E-0002  2.736950E-0002  5.172038E-0002  4.194307E-0002  4.455137E-0002  4.494858E-0002  3.523946E-0002  5.333608E-0002  5.058411E-0002  4.075050E-0002  2.341008E-0002  2.559471E-0002  1.745570E-0002  5.255318E-0002  6.071782E-0002  5.834484E-0002  4.200697E-0002  2.432871E-0002  5.256355E-0002  4.792345E-0002  4.261625E-0002  5.498075E-0002  6.094790E-0002  3.018045E-0002  2.494407E-0002  2.045226E-0002  2.748501E-0002  3.420973E-0002  3.234583E-0002  2.260065E-0002  1.615775E-0002  1.334309E-0002  2.450013E-0002  4.289842E-0002  3.883219E-0002  3.467321E-0002  3.811979E-0002
  4.032803E-0002  3.391743E-0002  3.871918E-0002  3.834760E-0002  3.657898E-0002  3.078610E-0002  3.818470E-0002  2.831972E-0002  2.482778E-0002  3.565919E-0002  4.562330E-0002  7.269096E-0002  7.560420E-0002  7.082701E-0002  4.113936E-0002  1.067085E-0001  7.998896E-0002  4.464912E-0002  4.329062E-0002  2.980328E-0002  5.842328E-0002  0.000000E+0000  6.794691E-0002  2.771282E-0002  4.444122E-0002  3.419805E-0002  3.077197E-0002  3.468645E-0002  7.556343E-0002  7.551193E-0002  9.566975E-0002  5.679369E-0002  4.881787E-0002  3.819466E-0002  2.737761E-0002  4.414749E-0002  3.528357E-0002  4.703522E-0002  4.136229E-0002  2.929211E-0002  3.335232E-0002  4.570317E-0002  6.379896E-0002  6.198299E-0002  8.081484E-0002  7.982171E-0002  5.230838E-0002  7.838565E-0002  4.457262E-0002  3.583032E-0002  3.241032E-0002  1.250863E-0002  2.610540E-0002  3.072715E-0002  7.315266E-0002  7.659173E-0002  8.075869E-0002  4.358721E-0002  3.874421E-0002  4.054213E-0002  4.043794E-0002  3.130281E-0002  5.303550E-0002  5.896044E-0002  5.302691E-0002  4.492807E-0002  6.566191E-0002  4.933977E-0002  3.188610E-0002  3.647876E-0002  5.264735E-0002  5.821753E-0002  5.589366E-0002  9.134698E-0002  4.245138E-0002  6.329942E-0002  5.707419E-0002  4.455566E-0002  4.003143E-0002  4.391837E-0002  1.444125E-0002  1.162457E-0002  1.851737E-0002  2.966893E-0002
  7.384944E-0002  6.538928E-0002  5.259871E-0002  5.538070E-0002  4.973149E-0002  4.114497E-0002  4.556942E-0002  3.349578E-0002  3.064489E-0002  3.685760E-0002  5.456400E-0002  8.673143E-0002  4.018748E-0002  3.762293E-0002  3.008962E-0002  2.703028E-0001  6.863880E-0002  5.929565E-0002  3.288317E-0002  4.452538E-0002  7.798862E-0002  6.794691E-0002  0.000000E+0000  2.479458E-0002  2.711391E-0002  2.972150E-0002  2.842915E-0002  3.373647E-0002  3.662415E-0001  9.506035E-0002  1.511250E-0001  1.117014E-0001  7.008648E-0002  4.800534E-0002  5.187201E-0002  9.714746E-0002  5.918622E-0002  4.943180E-0002  5.784512E-0002  2.445316E-0002  3.467679E-0002  6.164265E-0002  1.170988E-0001  1.064386E-0001  9.433556E-0002  7.588363E-0002  7.727522E-0002  7.379860E-0002  6.481797E-0002  3.217357E-0002  2.340013E-0002  1.659691E-0002  2.922797E-0002  6.594849E-0002  5.550480E-0002  6.566131E-0002  8.777714E-0002  4.805589E-0002  3.690815E-0002  2.767539E-0002  4.845953E-0002  4.137349E-0002  8.258486E-0002  9.143567E-0002  8.781195E-0002  4.484987E-0002  6.401396E-0002  7.728195E-0002  2.442241E-0002  3.413403E-0002  9.721041E-0002  7.627463E-0002  6.636477E-0002  1.017954E-0001  5.469823E-0002  1.109859E-0001  9.981889E-0002  4.758084E-0002  1.777709E-0002  4.122317E-0002  4.149783E-0002  2.713692E-0002  1.869237E-0002  4.524708E-0002
  1.854914E-0002  1.737106E-0002  1.485157E-0002  1.428532E-0002  4.515800E-0002  1.821706E-0002  5.762076E-0002  2.197888E-0002  2.456328E-0002  1.110577E-0002  1.550984E-0002  4.373902E-0002  4.345512E-0002  3.936148E-0002  2.840424E-0002  3.680372E-0002  5.088186E-0002  4.895997E-0002  6.072092E-0002  2.465093E-0002  5.213964E-0002  2.771282E-0002  2.479458E-0002  0.000000E+0000  2.520752E-0002  6.745529E-0002  2.574110E-0002  2.495918E-0002  3.276849E-0002  1.999044E-0002  2.776766E-0002  4.713631E-0002  2.943826E-0002  5.751920E-0002  2.677464E-0002  4.548693E-0002  4.219592E-0002  4.157627E-0002  4.773489E-0002  4.151019E-0002  3.108394E-0002  3.886724E-0002  4.711634E-0002  5.043399E-0002  4.314649E-0002  3.815937E-0002  5.764091E-0002  4.698691E-0002  5.857086E-0002  2.464366E-0002  2.769995E-0002  1.451873E-0002  1.670790E-0002  3.088546E-0002  6.509709E-0002  7.388997E-0002  8.082843E-0002  4.362631E-0002  4.029763E-0002  3.844237E-0002  8.971167E-0002  2.099907E-0002  3.905487E-0002  6.242514E-0002  4.679728E-0002  4.525185E-0002  8.621502E-0002  7.967186E-0002  2.619630E-0002  2.394956E-0002  3.989387E-0002  5.474925E-0002  5.134916E-0002  7.177114E-0002  3.398693E-0002  7.494068E-0002  7.127249E-0002  4.756010E-0002  3.618789E-0002  4.013300E-0002  2.486676E-0002  2.048832E-0002  1.992232E-0002  2.781039E-0002
  3.360623E-0002  3.087866E-0002  2.597409E-0002  2.613014E-0002  5.871099E-0002  3.162619E-0002  5.852485E-0002  2.791536E-0002  3.066796E-0002  2.406490E-0002  2.160692E-0002  6.413603E-0002  8.134460E-0002  7.438946E-0002  3.884411E-0002  4.333067E-0002  7.523918E-0002  8.677769E-0002  6.317949E-0002  2.587047E-0002  4.009187E-0002  4.444122E-0002  2.711391E-0002  2.520752E-0002  0.000000E+0000  7.523775E-0002  2.691984E-0002  2.991360E-0002  4.230499E-0002  2.060986E-0002  4.089785E-0002  8.829641E-0002  3.727108E-0002  9.534883E-0002  4.211569E-0002  8.306789E-0002  7.613802E-0002  6.271750E-0002  6.100145E-0002  3.291720E-0002  2.584308E-0002  3.323889E-0002  4.291555E-0002  4.584122E-0002  4.198188E-0002  4.459643E-0002  5.524203E-0002  5.353183E-0002  5.056214E-0002  3.553787E-0002  4.200166E-0002  1.528215E-0002  3.282928E-0002  2.928972E-0002  7.815456E-0002  8.600354E-0002  6.898046E-0002  3.130388E-0002  3.399527E-0002  3.948855E-0002  5.268359E-0002  2.636451E-0002  3.827810E-0002  4.074407E-0002  3.419244E-0002  2.622032E-0002  6.055403E-0002  5.749536E-0002  2.770591E-0002  3.148252E-0002  3.372788E-0002  3.800476E-0002  3.519511E-0002  5.716467E-0002  3.019089E-0002  4.153275E-0002  5.991936E-0002  4.412854E-0002  3.958386E-0002  3.893280E-0002  2.190471E-0002  2.043864E-0002  2.444136E-0002  2.929056E-0002
  8.257294E-0002  1.030533E-0001  1.147029E-0001  1.067526E-0001  5.275488E-0002  9.695196E-0002  4.609489E-0002  6.336629E-0002  1.058698E-0001  4.484959E-0002  3.923476E-0002  8.426094E-0002  1.201372E-0001  1.283481E-0001  1.216099E-0001  1.527744E-0002  2.690262E-0002  7.378745E-0002  4.621315E-0002  4.011381E-0002  4.041553E-0002  3.419805E-0002  2.972150E-0002  6.745529E-0002  7.523775E-0002  0.000000E+0000  6.869817E-0002  6.773400E-0002  1.784396E-0002  3.356326E-0002  2.123535E-0002  1.677632E-0002  1.547376E-0002  5.948377E-0002  9.603310E-0002  7.315028E-0002  8.109581E-0002  8.729762E-0002  5.121501E-0002  5.753079E-0002  9.395045E-0002  3.563783E-0002  8.962345E-0002  9.109986E-0002  1.116578E-0001  1.156046E-0001  5.006504E-0002  1.138352E-0001  5.456352E-0002  6.389648E-0002  9.220195E-0002  3.402063E-0002  3.158164E-0002  5.020070E-0002  1.130837E-0001  1.130607E-0001  1.012134E-0001  3.407496E-0002  3.886314E-0002  5.779880E-0002  4.282379E-0002  4.443693E-0002  2.764916E-0002  4.886878E-0002  3.070426E-0002  8.431721E-0002  1.096282E-0001  5.276775E-0002  5.708790E-0002  6.537789E-0002  2.299315E-0002  4.029131E-0002  3.989536E-0002  7.300282E-0002  3.031477E-0002  7.489395E-0002  7.363963E-0002  3.557906E-0002  6.083883E-0002  8.747947E-0002  4.022557E-0002  3.021795E-0002  3.768955E-0002  2.390543E-0002
  5.200928E-0002  4.315954E-0002  3.004050E-0002  3.305149E-0002  9.279910E-0002  4.691505E-0002  9.198278E-0002  5.580902E-0002  5.648327E-0002  4.612923E-0002  4.262614E-0002  3.864837E-0002  3.078905E-0002  2.982092E-0002  5.815226E-0002  5.237758E-0002  5.093384E-0002  3.690910E-0002  4.581887E-0002  4.785347E-0002  7.812881E-0002  3.077197E-0002  2.842915E-0002  2.574110E-0002  2.691984E-0002  6.869817E-0002  0.000000E+0000  5.720806E-0002  5.937052E-0002  3.307414E-0002  4.503286E-0002  7.342350E-0002  6.749296E-0002  7.457423E-0002  5.835843E-0002  4.680318E-0002  3.173906E-0002  3.582692E-0002  6.082416E-0002  6.715536E-0002  6.118965E-0002  6.934929E-0002  5.770019E-0002  6.068319E-0002  5.329862E-0002  5.272296E-0002  7.709476E-0002  7.577527E-0002  9.391108E-0002  9.162903E-0002  8.026457E-0002  5.344009E-0002  5.135107E-0002  3.484821E-0002  2.999131E-0002  3.197518E-0002  5.393858E-0002  3.191519E-0002  4.413581E-0002  4.408461E-0002  5.899131E-0002  5.751991E-0002  6.475663E-0002  3.335929E-0002  2.974248E-0002  3.314430E-0002  3.634146E-0002  8.310947E-0002  1.008224E-0001  7.795143E-0002  4.463124E-0002  2.523267E-0002  2.368498E-0002  5.239862E-0002  4.926801E-0002  7.644765E-0002  7.910296E-0002  3.566030E-0002  4.968977E-0002  4.545635E-0002  4.342914E-0002  5.097127E-0002  5.649829E-0002  5.129910E-0002
  6.172180E-0002  5.218399E-0002  3.816032E-0002  4.137480E-0002  1.087180E-0001  5.039287E-0002  1.002157E-0001  5.885887E-0002  3.612518E-0002  5.279112E-0002  4.537487E-0002  4.213500E-0002  3.044629E-0002  3.480816E-0002  6.987667E-0002  6.865084E-0002  7.103682E-0002  4.851764E-0002  4.186755E-0002  5.447197E-0002  6.147337E-0002  3.468645E-0002  3.373647E-0002  2.495918E-0002  2.991360E-0002  6.773400E-0002  5.720806E-0002  0.000000E+0000  5.163813E-0002  3.976619E-0002  5.719763E-0002  8.691758E-0002  6.941223E-0002  8.732826E-0002  7.221615E-0002  5.726594E-0002  3.893712E-0002  3.328419E-0002  6.634378E-0002  6.383562E-0002  5.659389E-0002  7.289028E-0002  7.206905E-0002  8.504206E-0002  5.122101E-0002  4.712105E-0002  9.137517E-0002  6.703639E-0002  9.209806E-0002  1.119976E-0001  4.259014E-0002  3.941369E-0002  3.514808E-0002  1.985329E-0002  2.654234E-0002  3.109750E-0002  5.676670E-0002  1.379886E-0002  1.857176E-0002  3.153186E-0002  6.259954E-0002  6.684256E-0002  4.437089E-0002  4.926124E-0002  2.685577E-0002  3.535730E-0002  3.707729E-0002  9.247050E-0002  3.501034E-0002  6.904221E-0002  3.507149E-0002  2.926469E-0002  2.182963E-0002  6.622599E-0002  2.653962E-0002  9.903583E-0002  1.226857E-0001  4.912889E-0002  4.435961E-0002  2.763848E-0002  2.083457E-0002  2.667022E-0002  3.126144E-0002  2.757311E-0002
  7.373029E-0002  6.527883E-0002  5.657995E-0002  6.069285E-0002  4.363829E-0002  4.364300E-0002  3.607506E-0002  5.297947E-0002  5.201983E-0002  5.977106E-0002  8.508110E-0002  8.492541E-0002  6.543469E-0002  7.656765E-0002  6.407881E-0002  2.310319E-0001  8.445072E-0002  6.634235E-0002  1.811516E-0002  4.087973E-0002  7.162666E-0002  7.556343E-0002  3.662415E-0001  3.276849E-0002  4.230499E-0002  1.784396E-0002  5.937052E-0002  5.163813E-0002  0.000000E+0000  1.355977E-0001  1.542211E-0001  1.115288E-0001  9.920502E-0002  4.854739E-0002  4.995978E-0002  7.733488E-0002  6.495953E-0002  6.145620E-0002  6.163454E-0002  3.724194E-0002  5.498958E-0002  8.556843E-0002  8.066195E-0002  7.071054E-0002  6.408066E-0002  5.284154E-0002  5.540156E-0002  5.574715E-0002  4.157710E-0002  4.168439E-0002  3.286469E-0002  3.647256E-0002  4.277229E-0002  6.460714E-0002  5.814809E-0002  6.548601E-0002  7.797009E-0002  4.668093E-0002  3.870106E-0002  2.891970E-0002  2.923656E-0002  4.010856E-0002  7.740974E-0002  6.919837E-0002  7.598829E-0002  4.418945E-0002  6.085622E-0002  4.883778E-0002  4.065895E-0002  5.130768E-0002  8.240366E-0002  6.395030E-0002  5.618930E-0002  7.874119E-0002  5.726004E-0002  8.410633E-0002  7.603580E-0002  3.903627E-0002  2.220047E-0002  4.159153E-0002  6.145930E-0002  4.470229E-0002  2.952957E-0002  5.583978E-0002
